00	2030.53	973.304
16	1956	1052
17	1944	1031
18	1928	1005
20	1927	949
21	1937	924
22	1951	900
04	2104	895
23	1974	883
03	2081	880
24	2000	871
13	2032	1079
14	2005	1078
12	2060	1077
11	2085	1065
19	1928	977
02	2056	869
01	2029	867
15	1979	1068
07	2138	968
05	2121	917
06	2133	944
09	2133	1027
08	2132	999
00	2278.95	965.446
11	2334	1060
02	2304	861
24	2244	861
12	2309	1069
18	2174	996
19	2175	968
07	2376	963
06	2383	935
16	2202	1055
09	2372	1016
08	2383	991
20	2173	940
22	2200	890
23	2225	875
03	2330	870
01	2276	861
21	2184	914
05	2369	910
04	2353	887
14	2252	1070
15	2226	1061
10	2357	1038
00	2535.79	961.518
15	2483	1057
13	2537	1059
11	2593	1052
16	2461	1040
20	2430	934
01	2533	853
24	2505	855
12	2565	1066
09	2630	1015
08	2641	988
07	2639	960
06	2639	932
04	2610	884
23	2480	868
02	2559	856
10	2613	1037
18	2431	991
21	2440	909
05	2627	906
19	2437	963
22	2457	886
00	1769.47	1218.84
14	1745	1324
16	1696	1298
17	1679	1276
09	1864	1271
07	1865	1215
22	1692	1146
04	1842	1141
12	1800	1322
18	1667	1251
20	1664	1196
21	1676	1169
03	1819	1125
15	1720	1313
02	1793	1115
01	1766	1112
11	1826	1311
10	1847	1294
19	1667	1223
23	1713	1128
24	1734	1119
08	1873	1246
06	1871	1190
05	1859	1163
00	3062.11	1197.23
12	3090	1304
13	3063	1305
10	3143	1274
18	2959	1227
20	2961	1171
01	3064	1091
14	3035	1303
11	3117	1291
16	2986	1275
17	2970	1254
08	3167	1225
06	3167	1168
04	3140	1120
23	3010	1103
03	3117	1102
02	3090	1092
15	3009	1291
09	3154	1249
05	3156	1143
22	2988	1121
24	3034	1092
07	3170	1197
21	2971	1144
19	2960	1198
00	1518.95	989.018
14	1493	1094
12	1548	1092
15	1467	1084
16	1446	1067
10	1594	1061
09	1611	1041
17	1428	1046
18	1417	1020
19	1417	994
20	1416	966
06	1619	959
21	1425	939
05	1611	936
22	1442	916
03	1569	895
02	1544	885
11	1573	1080
08	1621	1014
23	1464	899
24	1489	887
01	1515	882
13	1520	1092
07	1623	986
04	1599	907
00	2782.11	955.625
12	2814	1061
10	2864	1030
09	2887	1010
07	2885	954
20	2680	928
02	2804	852
01	2781	848
13	2786	1062
14	2758	1061
15	2731	1050
11	2839	1049
08	2889	982
04	2857	878
23	2728	861
03	2835	861
24	2754	850
16	2709	1033
05	2873	901
21	2677	898
22	2706	880
17	2695	1010
18	2681	985
19	2674	960
00	3314.74	1193.3
13	3314	1303
10	3390	1274
16	3241	1270
18	3208	1222
04	3387	1117
01	3310	1085
14	3286	1299
15	3259	1288
17	3220	1249
19	3211	1195
07	3414	1191
20	3210	1170
06	3420	1164
22	3235	1117
03	3366	1097
02	3340	1086
00	1276.84	1236.52
13	1281	1342
14	1254	1338
12	1306	1338
15	1229	1329
11	1333	1326
09	1368	1287
18	1180	1265
08	1377	1261
19	1183	1236
20	1178	1210
06	1378	1205
21	1187	1184
05	1368	1181
22	1204	1163
04	1348	1159
24	1250	1134
02	1302	1132
01	1275	1129
07	1374	1233
23	1225	1145
00	1045.26	1244.38
14	1020	1346
12	1071	1345
16	974	1321
10	1116	1317
08	1140	1268
19	949	1249
07	1142	1241
20	948	1219
06	1136	1213
05	1126	1189
01	1038	1146
24	1012	1144
18	952	1270
00	1756.84	741.518
11	1813	830
10	1839	815
18	1654	771
08	1859	766
20	1653	716
21	1663	692
04	1829	664
22	1680	669
23	1701	651
01	1754	636
14	1734	848
17	1666	797
06	1859	710
05	1848	685
24	1726	639
02	1782	638
16	1683	818
09	1850	790
03	1808	648
15	1705	835
07	1856	738
13	1757	848
00	2283.16	1209.02
15	2231	1304
10	2368	1290
19	2181	1211
04	2354	1133
23	2227	1116
13	2285	1317
14	2257	1314
17	2191	1265
21	2189	1156
12	2313	1313
16	2208	1287
18	2179	1239
06	2387	1179
11	2339	1302
22	2206	1133
03	2335	1114
02	2309	1103
20	2166	1182
24	2258	1104
00	2546.32	1485.98
13	2545	1592
16	2473	1562
09	2643	1537
06	2649	1457
05	2638	1432
02	2570	1391
12	2573	1588
15	2492	1578
17	2452	1540
07	2648	1484
20	2442	1460
04	2623	1410
14	2518	1590
24	2519	1384
01	2546	1380
11	2599	1583
18	2443	1514
19	2438	1487
03	2601	1394
22	2470	1411
23	2491	1396
00	2045.26	1491.88
13	2045	1598
12	2073	1595
15	1993	1585
17	1954	1545
20	1941	1465
21	1952	1440
04	2118	1417
03	2094	1402
23	1990	1401
14	2018	1595
11	2098	1583
16	1971	1566
10	2120	1567
09	2136	1545
18	1942	1520
08	2147	1519
19	1941	1495
07	2140	1489
05	2135	1438
22	1968	1418
02	2069	1391
01	2043	1387
24	2015	1391
06	2146	1465
00	1533.68	1507.59
13	1539	1611
11	1590	1596
15	1482	1598
10	1612	1579
17	1447	1562
09	1628	1557
18	1434	1537
08	1636	1532
19	1437	1508
07	1629	1502
20	1432	1483
21	1441	1457
22	1456	1436
03	1581	1417
23	1477	1419
24	1502	1406
02	1557	1404
14	1512	1608
12	1565	1607
06	1634	1478
05	1624	1452
04	1605	1430
01	1530	1401
00	3064.21	1474.2
11	3119	1564
15	3009	1566
19	2959	1475
04	3139	1401
22	2990	1401
03	3115	1384
24	3038	1370
12	3090	1579
14	3034	1578
09	3155	1528
17	2971	1529
18	2960	1504
07	3165	1473
06	3168	1447
05	3159	1422
21	2972	1423
23	3011	1382
20	2962	1447
00	2775.79	712.054
12	2806	816
18	2675	741
19	2674	715
21	2680	660
05	2865	651
22	2696	639
24	2745	610
01	2778	603
10	2855	787
09	2870	764
07	2877	711
20	2672	685
06	2879	682
04	2849	634
03	2826	618
02	2800	607
13	2780	814
15	2727	805
17	2686	767
14	2751	817
00	3308.42	945.804
14	3282	1052
11	3365	1042
15	3254	1041
16	3232	1022
18	3208	978
19	3206	946
06	3411	916
20	3203	919
05	3402	890
04	3382	868
17	3215	1000
07	3417	945
21	3214	894
22	3231	870
24	3278	841
01	3305	838
08	3415	973
00	1272.63	996.875
12	1298	1101
13	1272	1101
14	1245	1101
15	1220	1092
11	1323	1088
16	1198	1076
10	1344	1070
17	1186	1055
09	1361	1048
08	1366	1022
06	1370	967
21	1183	948
22	1196	927
05	1359	942
04	1341	920
23	1216	911
03	1319	905
02	1294	894
24	1240	896
07	1372	994
01	1268	892
00	1055.79	1515.45
13	1060	1620
12	1086	1615
14	1033	1615
15	1009	1605
16	989	1589
07	1154	1514
20	958	1490
04	1123	1441
23	1002	1426
02	1077	1415
24	1025	1415
01	1051	1412
00	784.211	1254.2
14	764	1356
16	717	1331
10	860	1324
08	884	1278
07	887	1250
06	881	1224
21	695	1206
22	711	1183
23	731	1166
02	807	1152
01	782	1149
00	1763.16	979.196
20	1660	957
06	1865	947
21	1669	930
22	1686	907
15	1713	1074
17	1672	1036
18	1661	1011
07	1868	976
01	1759	875
02	1787	874
16	1690	1059
05	1852	924
04	1836	901
23	1707	888
24	1735	876
12	1793	1082
11	1819	1069
03	1813	884
09	1858	1025
08	1871	1001
00	2024.21	733.661
14	1998	837
12	2053	835
09	2115	783
08	2127	756
19	1913	742
20	1920	710
15	1971	829
11	2079	824
10	2101	806
17	1933	789
18	1921	765
06	2126	703
21	1930	685
05	2113	677
04	2097	655
03	2074	639
02	2048	631
01	2020	628
22	1945	662
24	1993	632
23	1969	651
00	2527.37	717.946
12	2558	821
16	2452	794
18	2422	747
01	2523	611
03	2578	624
24	2496	612
14	2501	822
13	2525	822
11	2584	810
10	2603	794
09	2623	770
07	2632	717
20	2421	693
06	2630	689
21	2432	667
22	2449	644
04	2602	640
02	2552	613
15	2476	812
19	2429	721
05	2619	662
08	2631	745
17	2431	782
00	2291.58	1729.55
13	2294	1833
15	2239	1817
17	2198	1784
18	2203	1759
04	2367	1654
23	2238	1642
16	2217	1802
10	2367	1801
09	2384	1780
08	2394	1755
20	2189	1702
06	2394	1701
05	2383	1675
21	2199	1678
22	2216	1657
03	2343	1639
02	2318	1628
24	2263	1629
12	2320	1829
14	2268	1831
11	2345	1817
00	1546.32	1739.38
14	1529	1831
11	1601	1827
10	1622	1812
17	1459	1794
09	1636	1789
18	1447	1768
08	1648	1764
19	1444	1743
07	1639	1734
20	1445	1716
06	1645	1713
21	1459	1693
04	1614	1667
22	1469	1669
03	1586	1658
23	1491	1651
02	1569	1639
13	1551	1842
12	1577	1838
15	1505	1826
05	1634	1686
24	1515	1641
01	1542	1637
00	2786.32	1199.2
13	2791	1303
06	2891	1169
04	2862	1120
12	2816	1303
11	2842	1292
15	2734	1293
10	2864	1275
16	2713	1277
17	2694	1255
09	2880	1251
18	2685	1229
08	2891	1226
21	2695	1146
05	2880	1143
23	2733	1106
24	2759	1094
02	2815	1094
14	2760	1304
22	2711	1124
20	2680	1169
00	3060	951.696
11	3115	1046
10	3138	1030
09	3155	1006
06	3169	922
12	3090	1056
16	2986	1029
08	3166	979
07	3163	950
05	3155	896
22	2983	876
24	3030	847
01	3058	842
14	3036	1067
15	3008	1047
20	2955	924
21	2965	898
02	3087	845
17	2969	1007
04	3136	874
23	2996	858
19	2958	954
00	1266.32	761.161
13	1265	860
14	1240	863
15	1215	855
16	1193	838
10	1339	831
09	1351	810
08	1365	782
20	1166	738
06	1364	727
05	1354	704
23	1213	673
03	1315	666
24	1237	660
02	1290	657
01	1263	655
11	1319	850
19	1167	766
00	2270.53	723.839
14	2244	827
10	2355	798
16	2195	800
21	2176	674
05	2363	666
02	2297	620
23	2212	632
11	2327	814
09	2364	776
18	2167	755
08	2375	748
07	2378	719
20	2165	700
06	2374	693
22	2191	650
04	2344	645
01	2268	616
24	2240	621
15	2219	818
03	2321	629
17	2180	778
00	1752.63	474.375
14	1725	573
15	1697	563
16	1677	547
10	1826	542
17	1659	525
18	1649	503
08	1853	494
19	1646	476
07	1856	467
20	1648	449
06	1852	441
21	1658	424
05	1839	418
04	1821	394
13	1753	574
12	1780	570
11	1806	559
22	1679	407
24	1721	380
02	1773	378
00	2036.84	1216.88
14	2010	1318
17	1949	1270
04	2109	1138
03	2086	1122
02	2061	1111
13	2039	1322
10	2114	1291
19	1931	1219
20	1932	1190
01	2032	1110
15	1985	1309
11	2092	1308
09	2128	1267
24	2007	1113
07	2143	1213
12	2067	1319
08	2140	1242
22	1955	1141
00	2542.11	1207.05
11	2595	1300
20	2432	1180
06	2645	1177
12	2570	1311
10	2618	1282
17	2450	1261
08	2645	1232
03	2594	1112
24	2512	1101
14	2514	1311
05	2633	1151
04	2616	1128
13	2542	1315
09	2631	1257
18	2437	1236
22	2461	1130
02	2575	1097
00	2788.42	1484.02
12	2820	1585
16	2717	1562
10	2867	1558
19	2685	1485
07	2888	1478
05	2883	1432
24	2763	1383
03	2847	1392
02	2818	1383
14	2764	1589
13	2791	1586
15	2739	1579
11	2844	1576
09	2882	1535
04	2868	1408
01	2792	1378
23	2739	1394
20	2681	1456
22	2713	1419
21	2694	1434
00	1510.53	753.304
12	1540	852
15	1461	846
11	1567	841
18	1411	782
08	1614	774
20	1410	725
06	1614	720
24	1485	652
10	1588	824
17	1421	808
09	1604	801
19	1410	755
05	1602	696
04	1586	675
02	1537	651
01	1510	649
23	1460	665
00	3051.58	708.125
15	3003	801
24	3022	603
14	3029	811
12	3083	811
11	3110	801
18	2949	736
08	3158	733
07	3160	706
20	2948	681
05	3143	653
22	2974	631
01	3049	601
16	2978	785
17	2959	756
02	3075	595
00	1287.37	1515.45
14	1266	1615
12	1319	1615
11	1342	1603
10	1364	1586
17	1201	1568
18	1190	1544
08	1387	1541
19	1192	1515
06	1384	1490
21	1198	1467
22	1211	1442
04	1357	1439
03	1334	1426
24	1256	1414
02	1309	1413
00	2287.37	1493.84
15	2236	1586
17	2198	1546
19	2180	1495
06	2393	1465
05	2379	1438
04	2363	1418
23	2234	1402
09	2380	1544
08	2392	1518
21	2192	1446
22	2211	1419
03	2341	1400
14	2264	1597
10	2365	1566
18	2186	1522
02	2314	1390
12	2318	1600
00	1777.89	1501.7
09	1868	1551
08	1881	1525
20	1674	1477
06	1880	1466
22	1699	1430
24	1746	1400
02	1801	1399
13	1782	1599
11	1833	1591
10	1855	1573
19	1673	1504
07	1872	1497
21	1684	1453
23	1720	1412
03	1826	1410
04	1849	1426
18	1677	1534
01	1773	1396
12	1808	1602
00	1525.26	1228.66
09	1618	1280
08	1628	1255
20	1422	1205
21	1434	1180
22	1448	1156
04	1597	1153
03	1576	1136
02	1550	1126
14	1501	1333
12	1556	1332
11	1581	1321
15	1477	1323
16	1454	1307
10	1603	1303
17	1438	1284
24	1496	1127
19	1423	1233
23	1471	1139
00	2763.16	439.018
12	2796	537
15	2715	528
11	2821	525
17	2672	490
08	2869	459
19	2667	442
20	2659	410
06	2865	405
21	2671	385
22	2686	367
04	2833	358
03	2816	351
24	2741	339
00	2057.89	1949.55
13	2053	2052
15	2007	2037
11	2108	2038
16	1985	2022
10	2130	2022
09	2147	2003
17	1968	2001
18	1957	1978
07	2160	1954
21	1967	1903
03	2107	1867
02	2078	1856
14	2031	2048
22	1983	1881
04	2129	1882
23	2008	1859
00	2546.32	1721.7
13	2546	1819
04	2622	1647
24	2519	1622
03	2598	1630
23	2493	1629
16	2471	1798
17	2454	1775
09	2635	1771
18	2444	1751
20	2444	1698
21	2455	1673
05	2639	1669
22	2471	1649
02	2574	1621
15	2493	1813
11	2598	1810
10	2620	1794
00	3062.11	1713.84
12	3091	1817
14	3033	1814
16	2983	1786
17	2966	1765
18	2960	1738
07	3164	1713
06	3165	1686
20	2961	1683
21	2964	1659
22	2992	1642
03	3113	1622
13	3058	1811
10	3132	1787
05	3154	1660
02	3091	1612
24	3035	1611
00	2262.11	450.804
11	2319	538
16	2189	526
10	2341	520
18	2159	479
07	2370	443
20	2158	425
06	2365	417
05	2353	394
21	2168	400
14	2238	550
13	2265	550
15	2211	540
19	2165	454
01	2255	351
24	2238	354
00	1784.21	1735.45
15	1737	1824
11	1840	1823
16	1715	1810
09	1876	1782
08	1888	1758
07	1879	1729
20	1683	1712
21	1693	1687
04	1857	1660
23	1730	1648
03	1834	1644
14	1762	1836
12	1817	1833
10	1863	1805
17	1701	1788
18	1686	1764
22	1708	1665
02	1809	1635
00	1508.42	476.339
13	1507	579
14	1479	577
15	1455	567
11	1561	562
16	1436	551
10	1581	548
18	1406	506
08	1609	499
19	1410	483
07	1612	473
06	1609	447
04	1582	403
23	1456	390
02	1535	378
12	1534	575
09	1598	524
00	2516.84	437.054
16	2440	516
17	2426	493
08	2627	463
07	2624	437
06	2620	406
22	2438	365
23	2463	349
11	2576	527
15	2467	529
10	2596	510
09	2613	486
18	2414	467
19	2421	442
20	2412	413
04	2590	361
00	2788.42	1719.73
10	2861	1793
08	2887	1747
07	2886	1717
06	2893	1693
04	2863	1646
24	2762	1620
11	2839	1810
17	2696	1776
09	2877	1772
20	2687	1697
21	2696	1671
22	2714	1649
23	2738	1634
02	2816	1620
05	2879	1667
00	2053.68	1725.62
12	2081	1824
11	2107	1815
18	1951	1754
19	1951	1725
05	2139	1676
04	2124	1654
24	2021	1627
10	2126	1801
16	1977	1800
09	2142	1780
06	2152	1701
03	2096	1642
02	2077	1627
08	2153	1754
00	2293.68	1957.41
12	2322	2053
15	2242	2043
10	2369	2027
17	2204	2007
18	2194	1987
08	2396	1983
19	2199	1953
06	2392	1931
20	2193	1933
22	2219	1891
23	2242	1871
24	2266	1861
02	2320	1858
13	2294	2055
14	2268	2053
00	2017.89	456.696
12	2047	557
15	1962	549
10	2089	526
09	2111	504
19	1917	464
20	1915	436
06	2117	423
21	1924	410
05	2106	398
04	2089	379
02	2042	360
23	1961	369
03	2066	364
13	2023	551
07	2113	454
14	1992	559
00	2064.21	2210.8
12	2091	2301
11	2115	2295
16	1992	2277
08	2162	2236
19	1961	2210
20	1963	2186
21	1974	2163
04	2134	2144
03	2112	2129
24	2035	2119
01	2061	2116
