reconstructed_bolts_array:
1469.5484336187294	810.0415541842845	1303.2555093994536
1473.812995636697	803.446760823824	1302.2716464354844
1478.0143416592089	797.4769327614202	1298.9854044061183
1481.1547215635408	792.0336367724667	1294.478867703942
1483.1911535784086	787.9588420915397	1288.1326244310071
1484.284109034974	785.1721156323995	1280.6927598193022
1484.9541225000721	784.3580185187551	1273.10692574322
1483.5769732884344	784.5776393286724	1265.5110491723194
1482.1196866282241	787.281036020694	1258.2092412052975
1479.0048914817964	790.8304480168925	1252.0988075847245
1475.3413929892174	796.018493304442	1247.409298129484
1471.8810228739344	802.3499513129312	1244.4041141063012
1467.9392072897876	809.1602502119624	1243.3182820806505
1463.89738881647	815.7371889179199	1244.4191919799075
1459.583111427432	821.447466282209	1247.5622273890988
1456.2571511537114	826.6520450860805	1252.4137955772112
1454.4877397176076	831.1977446672345	1258.4314477639525
1453.1500626993845	833.9572897021615	1265.5232147962552
1452.2878249589041	834.6520801751406	1273.263178744531
1453.1322761206852	833.7716682000888	1281.1952210084548
1455.2386915890143	831.7951723229224	1288.2863262171495
1458.3609109445563	827.9226775396492	1294.3866463486163
1461.8352610130053	822.8313561889382	1298.8312037448093
1465.8461494599396	816.8646040877803	1301.9655945307723
reconstructed_average_bolt_array:
1468.7041508351556	809.4806238396003	1273.2563574299195
reconstructed_dynode_centre_array:
1483.2914075207639	819.0102958200579	1272.7730650425237
projected_reconstructed_dynode_centre_array:
1468.5859775092406	809.6908815702459	1273.5439391649716	00656
