379	00001-00	279	441	1
379	00001-01	167	312	1
379	00001-02	216	313	1
379	00001-03	268	328	1
379	00001-04	317	354	1
379	00001-05	361	385	1
379	00001-06	391	425	1
379	00001-07	414	468	1
379	00001-08	422	515	1
379	00001-09	419	556	1
379	00001-10	406	591	1
379	00001-11	379	624	1
379	00001-12	343	640	1
379	00001-13	303	651	1
379	00001-14	261	652	1
379	00001-15	215	640	1
379	00001-16	170	620	1
379	00001-17	123	589	1
379	00001-18	91	551	1
379	00001-19	63	507	1
379	00001-20	47	463	1
379	00001-21	42	422	1
379	00001-22	60	377	1
379	00001-23	84	347	1
379	00001-24	123	325	1
379	00002-00	666	398	1
379	00002-01	588	259	1
379	00002-02	637	262	1
379	00002-03	686	277	1
379	00002-04	732	300	1
379	00002-05	772	330	1
379	00002-06	800	375	1
379	00002-07	817	418	1
379	00002-08	823	465	1
379	00002-09	816	506	1
379	00002-10	795	542	1
379	00002-11	768	574	1
379	00002-12	733	594	1
379	00002-13	690	603	1
379	00002-14	645	602	1
379	00002-15	594	598	1
379	00002-16	553	576	1
379	00002-17	514	544	1
379	00002-18	482	507	1
379	00002-19	462	461	1
379	00002-20	452	415	1
379	00002-21	456	371	1
379	00002-22	474	329	1
379	00002-23	503	298	1
379	00002-24	540	274	1
379	00003-00	1083	346	1
379	00003-01	1032	205	1
379	00003-02	1085	209	1
379	00003-03	1134	224	1
379	00003-04	1177	247	1
379	00003-05	1210	284	1
379	00003-06	1240	330	1
379	00003-07	1254	371	1
379	00003-08	1254	413	1
379	00003-09	1242	461	1
379	00003-10	1216	499	1
379	00003-11	1183	529	1
379	00003-12	1143	544	1
379	00003-13	1101	555	1
379	00003-14	1053	555	1
379	00003-15	1006	547	1
379	00003-16	961	523	1
379	00003-17	925	491	1
379	00003-18	899	452	1
379	00003-19	883	406	1
379	00003-20	879	362	1
379	00003-21	885	313	1
379	00003-22	909	275	1
379	00003-23	943	240	1
379	00003-24	987	220	1
379	00004-00	1498	305	1
379	00004-01	1472	163	1
379	00004-02	1523	164	1
379	00004-03	1570	180	1
379	00004-04	1614	213	1
379	00004-05	1648	245	1
379	00004-06	1670	286	1
379	00004-07	1680	336	1
379	00004-08	1676	381	1
379	00004-09	1660	422	1
379	00004-10	1636	461	1
379	00004-11	1599	493	1
379	00004-12	1558	508	1
379	00004-13	1512	520	1
379	00004-14	1463	517	1
379	00004-15	1418	508	1
379	00004-16	1375	483	1
379	00004-17	1341	452	1
379	00004-18	1315	411	1
379	00004-19	1302	367	1
379	00004-20	1303	318	1
379	00004-21	1317	275	1
379	00004-22	1343	235	1
379	00004-23	1378	203	1
379	00004-24	1424	178	1
379	00005-00	1968	292	1
379	00005-01	1964	146	1
379	00005-02	2015	153	1
379	00005-03	2063	174	1
379	00005-04	2100	203	1
379	00005-05	2132	240	1
379	00005-06	2150	287	1
379	00005-07	2157	335	1
379	00005-08	2146	376	1
379	00005-09	2127	419	1
379	00005-10	2098	453	1
379	00005-11	2059	480	1
379	00005-12	2015	496	1
379	00005-13	1967	503	1
379	00005-14	1921	494	1
379	00005-15	1874	480	1
379	00005-16	1835	455	1
379	00005-17	1805	419	1
379	00005-18	1785	377	1
379	00005-19	1777	332	1
379	00005-20	1781	287	1
379	00005-21	1798	241	1
379	00005-22	1827	201	1
379	00005-23	1867	174	1
379	00005-24	1913	157	1
379	00006-00	2389	301	1
379	00006-01	2408	153	1
379	00006-02	2459	163	1
379	00006-03	2507	185	1
379	00006-04	2540	212	1
379	00006-05	2567	250	1
379	00006-06	2581	298	1
379	00006-07	2584	345	1
379	00006-08	2571	388	1
379	00006-09	2550	431	1
379	00006-10	2517	462	1
379	00006-11	2479	488	1
379	00006-12	2430	502	1
379	00006-13	2385	508	1
379	00006-14	2337	499	1
379	00006-15	2295	485	1
379	00006-16	2256	453	1
379	00006-17	2229	420	1
379	00006-18	2212	377	1
379	00006-19	2207	330	1
379	00006-20	2217	284	1
379	00006-21	2238	240	1
379	00006-22	2271	205	1
379	00006-23	2311	175	1
379	00006-24	2359	159	1
379	00007-00	2811	311	1
379	00007-01	2862	174	1
379	00007-02	2909	180	1
379	00007-03	2955	206	1
379	00007-04	2985	238	1
379	00007-05	3006	275	1
379	00007-06	3016	319	1
379	00007-07	3013	363	1
379	00007-08	3002	410	1
379	00007-09	2973	448	1
379	00007-10	2939	485	1
379	00007-11	2899	505	1
379	00007-12	2853	520	1
379	00007-13	2806	523	1
379	00007-14	2762	512	1
379	00007-15	2723	499	1
379	00007-16	2691	467	1
379	00007-17	2667	433	1
379	00007-18	2653	392	1
379	00007-19	2652	346	1
379	00007-20	2666	299	1
379	00007-21	2686	255	1
379	00007-22	2721	220	1
379	00007-23	2767	196	1
379	00007-24	2815	179	1
379	00008-00	3209	331	1
379	00008-01	3287	202	1
379	00008-02	3330	215	1
379	00008-03	3370	235	1
379	00008-04	3399	266	1
379	00008-05	3414	304	1
379	00008-06	3418	346	1
379	00008-07	3414	392	1
379	00008-08	3395	434	1
379	00008-09	3367	476	1
379	00008-10	3331	504	1
379	00008-11	3292	530	1
379	00008-12	3246	539	1
379	00008-13	3200	542	1
379	00008-14	3158	533	1
379	00008-15	3121	519	1
379	00008-16	3092	491	1
379	00008-17	3074	455	1
379	00008-18	3063	414	1
379	00008-19	3067	368	1
379	00008-20	3085	320	1
379	00008-21	3111	277	1
379	00008-22	3147	244	1
379	00008-23	3193	221	1
379	00008-24	3238	206	1
379	00009-00	3641	389	1
379	00009-01	3733	255	1
379	00009-02	3780	267	1
379	00009-03	3816	291	1
379	00009-04	3845	323	1
379	00009-05	3858	366	1
379	00009-06	3856	406	1
379	00009-07	3846	457	1
379	00009-08	3822	496	1
379	00009-09	3789	534	1
379	00009-10	3745	566	1
379	00009-11	3704	585	1
379	00009-12	3655	589	1
379	00009-13	3610	589	1
379	00009-14	3569	577	1
379	00009-15	3537	560	1
379	00009-16	3509	528	1
379	00009-17	3493	491	1
379	00009-18	3489	450	1
379	00009-19	3496	406	1
379	00009-20	3518	364	1
379	00009-21	3548	320	1
379	00009-22	3588	289	1
379	00009-23	3636	267	1
379	00009-24	3687	256	1
379	00010-00	10	851	1
379	00010-01	5	761	1
379	00010-02	48	778	1
379	00010-03	93	803	1
379	00010-04	125	838	1
379	00010-05	150	872	1
379	00010-06	160	909	1
379	00010-07	160	946	1
379	00010-08	148	980	1
379	00010-09	128	1010	1
379	00010-10	98	1025	1
379	00010-11	58	1039	1
379	00010-12	17	1041	1
379	00011-00	410	788	1
379	00011-01	324	688	1
379	00011-02	365	689	1
379	00011-03	410	702	1
379	00011-04	450	723	1
379	00011-05	492	748	1
379	00011-06	520	785	1
379	00011-07	540	823	1
379	00011-08	547	862	1
379	00011-09	543	893	1
379	00011-10	530	928	1
379	00011-11	506	954	1
379	00011-12	474	968	1
379	00011-13	436	977	1
379	00011-14	400	978	1
379	00011-15	355	970	1
379	00011-16	310	952	1
379	00011-17	276	925	1
379	00011-18	245	893	1
379	00011-19	225	857	1
379	00011-20	208	818	1
379	00011-21	211	784	1
379	00011-22	224	750	1
379	00011-23	247	720	1
379	00011-24	279	700	1
379	00012-00	769	746	1
379	00012-01	699	644	1
379	00012-02	746	643	1
379	00012-03	791	656	1
379	00012-04	834	676	1
379	00012-05	867	705	1
379	00012-06	895	741	1
379	00012-07	911	780	1
379	00012-08	917	820	1
379	00012-09	911	855	1
379	00012-10	893	890	1
379	00012-11	867	914	1
379	00012-12	831	928	1
379	00012-13	794	937	1
379	00012-14	753	937	1
379	00012-15	709	929	1
379	00012-16	666	911	1
379	00012-17	632	886	1
379	00012-18	607	855	1
379	00012-19	587	814	1
379	00012-20	580	776	1
379	00012-21	584	735	1
379	00012-22	598	703	1
379	00012-23	625	674	1
379	00012-24	659	655	1
379	00013-00	1150	702	1
379	00013-01	1110	600	1
379	00013-02	1157	598	1
379	00013-03	1204	613	1
379	00013-04	1245	634	1
379	00013-05	1277	666	1
379	00013-06	1301	702	1
379	00013-07	1312	740	1
379	00013-08	1314	779	1
379	00013-09	1303	816	1
379	00013-10	1281	850	1
379	00013-11	1249	874	1
379	00013-12	1212	890	1
379	00013-13	1170	897	1
379	00013-14	1129	897	1
379	00013-15	1084	889	1
379	00013-16	1045	868	1
379	00013-17	1012	842	1
379	00013-18	986	809	1
379	00013-19	972	769	1
379	00013-20	969	731	1
379	00013-21	976	693	1
379	00013-22	999	658	1
379	00013-23	1028	627	1
379	00013-24	1068	609	1
379	00014-00	1539	670	1
379	00014-01	1517	557	1
379	00014-02	1564	561	1
379	00014-03	1611	575	1
379	00014-04	1649	598	1
379	00014-05	1680	628	1
379	00014-06	1700	665	1
379	00014-07	1710	705	1
379	00014-08	1706	743	1
379	00014-09	1693	781	1
379	00014-10	1669	815	1
379	00014-11	1636	841	1
379	00014-12	1596	855	1
379	00014-13	1553	863	1
379	00014-14	1511	861	1
379	00014-15	1465	854	1
379	00014-16	1428	832	1
379	00014-17	1396	804	1
379	00014-18	1376	772	1
379	00014-19	1361	733	1
379	00014-20	1362	691	1
379	00014-21	1374	651	1
379	00014-22	1397	616	1
379	00014-23	1430	589	1
379	00014-24	1472	569	1
379	00015-00	1973	654	1
379	00015-01	1965	544	1
379	00015-02	2015	549	1
379	00015-03	2057	566	1
379	00015-04	2095	593	1
379	00015-05	2121	626	1
379	00015-06	2139	666	1
379	00015-07	2145	705	1
379	00015-08	2137	743	1
379	00015-09	2119	779	1
379	00015-10	2092	811	1
379	00015-11	2057	833	1
379	00015-12	2015	845	1
379	00015-13	1972	848	1
379	00015-14	1929	843	1
379	00015-15	1887	832	1
379	00015-16	1850	805	1
379	00015-17	1822	778	1
379	00015-18	1803	743	1
379	00015-19	1795	701	1
379	00015-20	1797	662	1
379	00015-21	1815	624	1
379	00015-22	1840	592	1
379	00015-23	1877	567	1
379	00015-24	1920	546	1
379	00016-00	2360	657	1
379	00016-01	2382	545	1
379	00016-02	2428	553	1
379	00016-03	2471	573	1
379	00016-04	2503	599	1
379	00016-05	2528	637	1
379	00016-06	2542	676	1
379	00016-07	2541	713	1
379	00016-08	2530	753	1
379	00016-09	2510	788	1
379	00016-10	2480	818	1
379	00016-11	2442	838	1
379	00016-12	2399	848	1
379	00016-13	2355	851	1
379	00016-14	2313	845	1
379	00016-15	2272	829	1
379	00016-16	2238	808	1
379	00016-17	2214	776	1
379	00016-18	2198	740	1
379	00016-19	2194	703	1
379	00016-20	2201	662	1
379	00016-21	2221	626	1
379	00016-22	2253	589	1
379	00016-23	2291	566	1
379	00016-24	2336	548	1
379	00017-00	2755	667	1
379	00017-01	2801	561	1
379	00017-02	2845	571	1
379	00017-03	2885	590	1
379	00017-04	2914	617	1
379	00017-05	2934	651	1
379	00017-06	2945	688	1
379	00017-07	2943	729	1
379	00017-08	2927	765	1
379	00017-09	2904	800	1
379	00017-10	2873	832	1
379	00017-11	2835	849	1
379	00017-12	2791	859	1
379	00017-13	2749	862	1
379	00017-14	2708	856	1
379	00017-15	2670	846	1
379	00017-16	2640	821	1
379	00017-17	2618	789	1
379	00017-18	2607	753	1
379	00017-19	2605	716	1
379	00017-20	2618	673	1
379	00017-21	2642	638	1
379	00017-22	2671	606	1
379	00017-23	2713	582	1
379	00017-24	2757	569	1
379	00018-00	3126	687	1
379	00018-01	3192	583	1
379	00018-02	3234	590	1
379	00018-03	3268	610	1
379	00018-04	3294	637	1
379	00018-05	3309	669	1
379	00018-06	3314	706	1
379	00018-07	3310	746	1
379	00018-08	3292	781	1
379	00018-09	3266	812	1
379	00018-10	3231	843	1
379	00018-11	3194	862	1
379	00018-12	3153	873	1
379	00018-13	3112	876	1
379	00018-14	3072	866	1
379	00018-15	3040	853	1
379	00018-16	3013	830	1
379	00018-17	2995	803	1
379	00018-18	2987	764	1
379	00018-19	2990	727	1
379	00018-20	3005	687	1
379	00018-21	3032	652	1
379	00018-22	3063	619	1
379	00018-23	3105	598	1
379	00018-24	3149	585	1
379	00019-00	3523	729	1
379	00019-01	3600	629	1
379	00019-02	3642	642	1
379	00019-03	3674	662	1
379	00019-04	3697	686	1
379	00019-05	3713	721	1
379	00019-06	3712	761	1
379	00019-07	3703	800	1
379	00019-08	3682	836	1
379	00019-09	3654	864	1
379	00019-10	3617	891	1
379	00019-11	3577	908	1
379	00019-12	3533	917	1
379	00019-13	3493	913	1
379	00019-14	3455	906	1
379	00019-15	3423	886	1
379	00019-16	3399	863	1
379	00019-17	3383	831	1
379	00019-18	3380	795	1
379	00019-19	3387	756	1
379	00019-20	3406	720	1
379	00019-21	3434	686	1
379	00019-22	3470	657	1
379	00019-23	3512	639	1
379	00019-24	3555	629	1
379	00020-00	3875	780	1
379	00020-09	3967	943	1
379	00020-10	3924	959	1
379	00020-11	3879	967	1
379	00020-12	3839	966	1
379	00020-13	3801	957	1
379	00020-14	3771	934	1
379	00020-15	3749	913	1
379	00020-16	3737	881	1
379	00020-17	3739	847	1
379	00020-18	3749	806	1
379	00020-19	3770	773	1
379	00020-20	3801	739	1
379	00020-21	3841	713	1
379	00020-22	3887	691	1
379	00020-23	3935	686	1
379	00021-00	160	1142	1
379	00021-01	77	1073	1
379	00021-02	118	1068	1
379	00021-03	162	1073	1
379	00021-04	204	1092	1
379	00021-05	243	1108	1
379	00021-06	271	1139	1
379	00021-07	292	1166	1
379	00021-08	298	1198	1
379	00021-09	296	1229	1
379	00021-10	292	1258	1
379	00021-11	270	1284	1
379	00021-12	240	1300	1
379	00021-13	206	1312	1
379	00021-14	169	1316	1
379	00021-15	120	1309	1
379	00021-16	85	1293	1
379	00022-00	527	1084	1
379	00022-01	453	1010	1
379	00022-02	491	1011	1
379	00022-03	535	1020	1
379	00022-04	574	1037	1
379	00022-05	607	1062	1
379	00022-06	634	1092	1
379	00022-07	651	1125	1
379	00022-08	660	1159	1
379	00022-09	654	1189	1
379	00022-10	636	1212	1
379	00022-11	615	1233	1
379	00022-12	588	1251	1
379	00022-13	557	1258	1
379	00022-14	519	1260	1
379	00022-15	476	1254	1
379	00022-16	438	1238	1
379	00022-17	407	1214	1
379	00022-18	381	1187	1
379	00022-19	363	1151	1
379	00022-20	350	1089	1
379	00022-21	364	1063	1
379	00022-22	389	1040	1
379	00022-23	417	1021	1
379	00023-00	860	1048	1
379	00023-01	799	975	1
379	00023-02	845	975	1
379	00023-03	886	984	1
379	00023-04	925	1001	1
379	00023-05	958	1027	1
379	00023-06	983	1056	1
379	00023-07	999	1090	1
379	00023-08	1003	1119	1
379	00023-09	996	1153	1
379	00023-10	981	1180	1
379	00023-11	956	1203	1
379	00023-12	925	1217	1
379	00023-13	886	1224	1
379	00023-14	849	1225	1
379	00023-15	808	1218	1
379	00023-16	772	1202	1
379	00023-17	738	1177	1
379	00023-18	714	1150	1
379	00023-19	695	1119	1
379	00023-20	689	1086	1
379	00023-21	693	1052	1
379	00023-22	707	1023	1
379	00023-23	730	1000	1
379	00023-24	763	984	1
379	00024-00	1217	1011	1
379	00024-01	1182	935	1
379	00024-02	1225	934	1
379	00024-03	1267	947	1
379	00024-04	1304	965	1
379	00024-05	1335	992	1
379	00024-06	1357	1022	1
379	00024-07	1369	1056	1
379	00024-08	1369	1085	1
379	00024-09	1359	1120	1
379	00024-10	1339	1149	1
379	00024-11	1310	1170	1
379	00024-12	1275	1182	1
379	00024-13	1238	1191	1
379	00024-14	1199	1190	1
379	00024-15	1157	1183	1
379	00024-16	1121	1166	1
379	00024-17	1089	1141	1
379	00024-18	1065	1115	1
379	00024-19	1053	1085	1
379	00024-20	1050	1047	1
379	00024-21	1058	1017	1
379	00024-22	1077	986	1
379	00024-23	1106	962	1
379	00024-24	1141	944	1
379	00025-00	1576	982	1
379	00025-01	1556	901	1
379	00025-02	1600	901	1
379	00025-03	1641	913	1
379	00025-04	1678	931	1
379	00025-05	1707	959	1
379	00025-06	1727	989	1
379	00025-07	1736	1023	1
379	00025-08	1735	1060	1
379	00025-09	1720	1088	1
379	00025-10	1697	1116	1
379	00025-11	1668	1136	1
379	00025-12	1633	1152	1
379	00025-13	1592	1160	1
379	00025-14	1552	1159	1
379	00025-15	1511	1150	1
379	00025-16	1478	1132	1
379	00025-17	1445	1109	1
379	00025-18	1426	1082	1
379	00025-19	1414	1051	1
379	00025-20	1413	1014	1
379	00025-21	1424	980	1
379	00025-22	1446	951	1
379	00025-23	1477	925	1
379	00025-24	1513	909	1
379	00026-00	1975	965	1
379	00026-01	1974	883	1
379	00026-02	2017	890	1
379	00026-03	2055	905	1
379	00026-04	2091	928	1
379	00026-05	2116	956	1
379	00026-06	2132	988	1
379	00026-07	2136	1025	1
379	00026-08	2127	1056	1
379	00026-09	2112	1086	1
379	00026-10	2088	1113	1
379	00026-11	2053	1131	1
379	00026-12	2017	1143	1
379	00026-13	1975	1147	1
379	00026-14	1935	1141	1
379	00026-15	1897	1130	1
379	00026-16	1864	1111	1
379	00026-17	1838	1088	1
379	00026-18	1820	1056	1
379	00026-19	1814	1020	1
379	00026-20	1816	987	1
379	00026-21	1831	952	1
379	00026-22	1857	925	1
379	00026-23	1891	904	1
379	00026-24	1929	889	1
379	00027-00	2336	973	1
379	00027-01	2355	890	1
379	00027-02	2398	895	1
379	00027-03	2436	911	1
379	00027-04	2467	933	1
379	00027-05	2490	964	1
379	00027-06	2503	997	1
379	00027-07	2503	1030	1
379	00027-08	2493	1060	1
379	00027-09	2472	1088	1
379	00027-10	2445	1116	1
379	00027-11	2410	1137	1
379	00027-12	2374	1148	1
379	00027-13	2331	1151	1
379	00027-14	2292	1144	1
379	00027-15	2255	1133	1
379	00027-16	2224	1113	1
379	00027-17	2200	1084	1
379	00027-18	2187	1055	1
379	00027-19	2182	1023	1
379	00027-20	2190	986	1
379	00027-21	2207	955	1
379	00027-22	2233	924	1
379	00027-23	2271	907	1
379	00027-24	2312	892	1
379	00028-00	2705	975	1
379	00028-01	2786	905	1
379	00028-02	2822	921	1
379	00028-03	2850	944	1
379	00028-04	2868	973	1
379	00028-05	2877	1005	1
379	00028-06	2875	1037	1
379	00028-07	2860	1070	1
379	00028-08	2840	1100	1
379	00028-09	2811	1123	1
379	00028-10	2775	1144	1
379	00028-11	2737	1152	1
379	00028-12	2697	1156	1
379	00028-13	2658	1152	1
379	00028-14	2622	1141	1
379	00028-15	2595	1118	1
379	00028-16	2575	1095	1
379	00028-17	2563	1063	1
379	00028-18	2563	1030	1
379	00028-19	2573	995	1
379	00028-20	2593	963	1
379	00028-21	2623	937	1
379	00028-22	2659	915	1
379	00028-23	2702	904	1
379	00028-24	2745	900	1
379	00029-00	3044	985	1
379	00029-01	3142	917	1
379	00029-02	3176	934	1
379	00029-03	3201	956	1
379	00029-04	3214	982	1
379	00029-05	3220	1017	1
379	00029-06	3213	1050	1
379	00029-07	3197	1083	1
379	00029-08	3173	1111	1
379	00029-09	3146	1134	1
379	00029-10	3107	1156	1
379	00029-11	3069	1161	1
379	00029-12	3032	1163	1
379	00029-13	2994	1158	1
379	00029-14	2962	1146	1
379	00029-15	2940	1128	1
379	00029-16	2919	1102	1
379	00029-17	2912	1070	1
379	00029-18	2915	1037	1
379	00029-19	2930	1004	1
379	00029-20	2954	973	1
379	00029-21	2985	947	1
379	00029-22	3023	927	1
379	00029-23	3062	915	1
379	00029-24	3107	912	1
379	00030-00	3416	1024	1
379	00030-01	3486	951	1
379	00030-02	3522	961	1
379	00030-03	3551	979	1
379	00030-04	3573	1004	1
379	00030-05	3588	1031	1
379	00030-06	3585	1063	1
379	00030-07	3580	1097	1
379	00030-08	3560	1129	1
379	00030-09	3533	1153	1
379	00030-10	3500	1176	1
379	00030-11	3465	1189	1
379	00030-12	3423	1197	1
379	00030-13	3384	1196	1
379	00030-14	3349	1187	1
379	00030-15	3321	1174	1
379	00030-16	3298	1149	1
379	00030-17	3287	1125	1
379	00030-18	3281	1092	1
379	00030-19	3285	1058	1
379	00030-20	3304	1026	1
379	00030-21	3330	996	1
379	00030-22	3363	975	1
379	00030-23	3402	957	1
379	00030-24	3442	948	1
379	00031-00	3742	1070	1
379	00031-01	3828	1000	1
379	00031-02	3861	1007	1
379	00031-03	3895	1027	1
379	00031-04	3913	1054	1
379	00031-05	3922	1082	1
379	00031-06	3906	1125	1
379	00031-07	3889	1173	1
379	00031-08	3861	1203	1
379	00031-09	3822	1223	1
379	00031-10	3785	1241	1
379	00031-11	3746	1243	1
379	00031-12	3710	1238	1
379	00031-13	3671	1230	1
379	00031-14	3642	1213	1
379	00031-15	3625	1196	1
379	00031-16	3613	1166	1
379	00031-17	3612	1135	1
379	00031-18	3623	1106	1
379	00031-19	3641	1075	1
379	00031-20	3668	1048	1
379	00031-21	3705	1020	1
379	00031-22	3741	1006	1
379	00031-23	3788	998	1
379	00032-00	269	1610	1
379	00032-04	307	1443	1
379	00032-05	338	1448	1
379	00032-06	367	1458	1
379	00032-07	386	1475	1
379	00032-08	397	1501	1
379	00032-09	397	1526	1
379	00032-10	385	1557	1
379	00032-11	367	1589	1
379	00032-12	335	1620	1
379	00032-13	298	1643	1
379	00032-14	239	1647	1
379	00033-00	621	1619	1
379	00033-02	645	1438	1
379	00033-03	688	1448	1
379	00033-04	712	1457	1
379	00033-05	736	1474	1
379	00033-06	747	1495	1
379	00033-07	754	1528	1
379	00033-08	743	1560	1
379	00033-09	725	1591	1
379	00033-10	693	1621	1
379	00033-11	658	1649	1
379	00033-12	616	1670	1
379	00033-13	578	1682	1
379	00033-14	533	1682	1
379	00000-00	984	1618	1
379	00000-01	963	1438	1
379	00000-02	1004	1436	1
379	00000-03	1043	1439	1
379	00000-04	1078	1452	1
379	00000-05	1103	1473	1
379	00000-06	1120	1498	1
379	00000-07	1129	1528	1
379	00000-08	1125	1558	1
379	00000-09	1110	1593	1
379	00000-10	1085	1626	1
379	00000-11	1048	1654	1
379	00000-12	1007	1675	1
379	00000-13	964	1690	1
379	00000-14	918	1693	1
379	00000-15	875	1685	1
379	00000-16	842	1675	1
379	00000-17	813	1649	1
379	00000-18	799	1622	1
379	00000-19	799	1590	1
379	00000-20	804	1556	1
379	00000-21	822	1528	1
379	00000-22	847	1493	1
379	00000-23	882	1470	1
379	00000-24	923	1449	1
379	00035-00	1368	1623	1
379	00035-01	1336	1451	1
379	00035-02	1376	1445	1
379	00035-03	1419	1451	1
379	00035-04	1450	1462	1
379	00035-05	1487	1466	1
379	00035-06	1509	1490	1
379	00035-07	1524	1523	1
379	00035-08	1523	1553	1
379	00035-09	1512	1588	1
379	00035-10	1492	1620	1
379	00035-11	1457	1651	1
379	00035-12	1417	1674	1
379	00035-13	1373	1687	1
379	00035-14	1324	1692	1
379	00035-15	1280	1688	1
379	00035-16	1241	1675	1
379	00035-17	1213	1653	1
379	00035-18	1186	1625	1
379	00035-19	1181	1591	1
379	00035-20	1186	1560	1
379	00035-21	1200	1528	1
379	00035-22	1225	1498	1
379	00035-23	1257	1477	1
379	00035-24	1299	1460	1
379	00036-00	1775	1608	1
379	00036-01	1735	1421	1
379	00036-02	1782	1421	1
379	00036-03	1823	1425	1
379	00036-04	1861	1435	1
379	00036-05	1897	1452	1
379	00036-06	1924	1478	1
379	00036-07	1942	1511	1
379	00036-08	1948	1539	1
379	00036-09	1939	1573	1
379	00036-10	1922	1606	1
379	00036-11	1892	1635	1
379	00036-12	1853	1657	1
379	00036-13	1808	1671	1
379	00036-14	1758	1680	1
379	00036-15	1714	1674	1
379	00036-16	1668	1657	1
379	00036-17	1634	1636	1
379	00036-18	1608	1608	1
379	00036-19	1593	1573	1
379	00036-20	1594	1543	1
379	00036-21	1604	1513	1
379	00036-22	1626	1486	1
379	00036-23	1658	1453	1
379	00036-24	1694	1436	1
379	00037-00	2181	1608	1
379	00037-01	2165	1420	1
379	00037-02	2215	1422	1
379	00037-03	2257	1432	1
379	00037-04	2293	1448	1
379	00037-05	2324	1468	1
379	00037-06	2347	1499	1
379	00037-07	2358	1532	1
379	00037-08	2359	1567	1
379	00037-09	2348	1595	1
379	00037-10	2323	1628	1
379	00037-11	2287	1650	1
379	00037-12	2245	1665	1
379	00037-13	2199	1672	1
379	00037-14	2148	1669	1
379	00037-15	2105	1655	1
379	00037-16	2065	1634	1
379	00037-17	2032	1607	1
379	00037-18	2015	1575	1
379	00037-19	2008	1542	1
379	00037-20	2012	1508	1
379	00037-21	2027	1478	1
379	00037-22	2054	1453	1
379	00037-23	2088	1434	1
379	00037-24	2126	1423	1
379	00038-00	2584	1588	1
379	00038-01	2569	1398	1
379	00038-02	2611	1400	1
379	00038-03	2653	1411	1
379	00038-04	2693	1429	1
379	00038-05	2726	1453	1
379	00038-06	2752	1483	1
379	00038-07	2764	1518	1
379	00038-08	2769	1554	1
379	00038-09	2763	1580	1
379	00038-10	2741	1607	1
379	00038-11	2714	1630	1
379	00038-12	2672	1649	1
379	00038-13	2628	1654	1
379	00038-14	2582	1653	1
379	00038-15	2537	1639	1
379	00038-16	2494	1616	1
379	00038-17	2461	1590	1
379	00038-18	2437	1561	1
379	00038-19	2427	1528	1
379	00038-20	2426	1494	1
379	00038-21	2438	1469	1
379	00038-22	2460	1442	1
379	00038-23	2492	1420	1
379	00038-24	2530	1406	1
379	00039-00	2971	1568	1
379	00039-01	3006	1395	1
379	00039-02	3061	1421	1
379	00039-03	3101	1441	1
379	00039-04	3123	1471	1
379	00039-05	3145	1504	1
379	00039-06	3154	1536	1
379	00039-07	3151	1565	1
379	00039-08	3135	1593	1
379	00039-09	3109	1615	1
379	00039-10	3074	1630	1
379	00039-11	3035	1633	1
379	00039-12	2990	1635	1
379	00039-13	2948	1620	1
379	00039-14	2901	1598	1
379	00039-15	2869	1570	1
379	00039-16	2846	1545	1
379	00039-17	2829	1512	1
379	00039-18	2824	1478	1
379	00039-19	2830	1448	1
379	00039-20	2847	1427	1
379	00039-21	2873	1407	1
379	00039-22	2906	1398	1
379	00039-23	2949	1386	1
379	00040-00	3323	1545	1
379	00040-01	3387	1394	1
379	00040-02	3446	1425	1
379	00040-03	3474	1454	1
379	00040-04	3493	1483	1
379	00040-05	3508	1514	1
379	00040-06	3507	1549	1
379	00040-07	3496	1572	1
379	00040-08	3478	1591	1
379	00040-09	3448	1609	1
379	00040-10	3411	1616	1
379	00040-11	3369	1611	1
379	00040-12	3323	1605	1
379	00040-13	3286	1589	1
379	00040-14	3249	1557	1
379	00040-15	3220	1532	1
379	00040-16	3198	1497	1
379	00040-17	3189	1467	1
379	00040-18	3192	1440	1
379	00040-19	3205	1414	1
379	00040-20	3229	1395	1
379	00040-21	3257	1383	1
379	00040-22	3291	1377	1
379	00040-23	3333	1377	1
379	00041-00	3659	1530	1
379	00042-00	3977	1512	1
379	00043-00	113	1931	1
379	00044-00	485	1932	1
379	00044-01	419	1749	1
379	00044-02	466	1735	1
379	00044-03	511	1732	1
379	00044-04	551	1738	1
379	00044-05	583	1747	1
379	00044-06	605	1769	1
379	00044-07	622	1802	1
379	00044-08	623	1836	1
379	00044-09	615	1873	1
379	00044-10	593	1914	1
379	00044-11	564	1956	1
379	00044-12	524	1987	1
379	00044-13	476	2010	1
379	00044-14	429	2027	1
379	00044-15	384	2032	1
379	00044-16	339	2028	1
379	00044-17	304	2007	1
379	00044-18	288	1982	1
379	00044-19	272	1946	1
379	00044-20	275	1909	1
379	00044-21	288	1870	1
379	00044-22	310	1831	1
379	00044-23	343	1797	1
379	00044-24	381	1776	1
379	00045-00	888	1956	1
379	00045-01	814	1765	1
379	00045-02	860	1751	1
379	00045-03	903	1745	1
379	00045-04	947	1747	1
379	00045-05	983	1763	1
379	00045-06	1014	1786	1
379	00045-07	1031	1816	1
379	00045-08	1042	1852	1
379	00045-09	1035	1891	1
379	00045-10	1018	1933	1
379	00045-11	987	1966	1
379	00045-12	948	2004	1
379	00045-13	902	2029	1
379	00045-14	852	2043	1
379	00045-15	803	2043	1
379	00045-16	759	2039	1
379	00045-17	722	2021	1
379	00045-18	691	1993	1
379	00045-19	674	1955	1
379	00045-20	674	1918	1
379	00045-21	681	1880	1
379	00045-22	702	1842	1
379	00045-23	732	1805	1
379	00045-24	770	1783	1
379	00046-00	1309	1954	1
379	00046-01	1267	1739	1
379	00046-02	1315	1735	1
379	00046-03	1361	1739	1
379	00046-04	1403	1754	1
379	00046-05	1438	1782	1
379	00046-06	1462	1807	1
379	00046-07	1475	1843	1
379	00046-08	1478	1887	1
379	00046-09	1466	1928	1
379	00046-10	1440	1966	1
379	00046-11	1404	2002	1
379	00046-12	1358	2033	1
379	00046-13	1307	2047	1
379	00046-14	1253	2051	1
379	00046-15	1203	2046	1
379	00046-16	1159	2027	1
379	00046-17	1127	1998	1
379	00046-18	1105	1966	1
379	00046-19	1094	1925	1
379	00046-20	1099	1887	1
379	00046-21	1115	1844	1
379	00046-22	1145	1811	1
379	00046-23	1181	1781	1
379	00046-24	1221	1757	1
379	00047-00	1757	1950	1
379	00047-01	1761	1734	1
379	00047-02	1809	1738	1
379	00047-03	1852	1749	1
379	00047-04	1890	1773	1
379	00047-05	1922	1797	1
379	00047-06	1940	1839	1
379	00047-07	1946	1878	1
379	00047-08	1939	1919	1
379	00047-09	1919	1960	1
379	00047-10	1884	1994	1
379	00047-11	1840	2022	1
379	00047-12	1791	2037	1
379	00047-13	1736	2040	1
379	00047-14	1684	2039	1
379	00047-15	1636	2022	1
379	00047-16	1597	1992	1
379	00047-17	1568	1959	1
379	00047-18	1556	1921	1
379	00047-19	1554	1879	1
379	00047-20	1566	1839	1
379	00047-21	1590	1799	1
379	00047-22	1624	1772	1
379	00047-23	1665	1750	1
379	00047-24	1713	1736	1
379	00048-00	2215	1936	1
379	00048-01	2203	1713	1
379	00048-02	2251	1719	1
379	00048-03	2299	1735	1
379	00048-04	2343	1751	1
379	00048-05	2377	1782	1
379	00048-06	2400	1821	1
379	00048-07	2413	1858	1
379	00048-08	2414	1900	1
379	00048-09	2400	1940	1
379	00048-10	2373	1975	1
379	00048-11	2332	2004	1
379	00048-12	2286	2024	1
379	00048-13	2233	2033	1
379	00048-14	2178	2028	1
379	00048-15	2127	2012	1
379	00048-16	2084	1987	1
379	00048-17	2050	1953	1
379	00048-18	2028	1917	1
379	00048-19	2019	1875	1
379	00048-20	2026	1832	1
379	00048-21	2045	1796	1
379	00048-22	2073	1761	1
379	00048-23	2112	1736	1
379	00048-24	2156	1720	1
379	00048-00	2658	1915	1
379	00048-01	2688	1706	1
379	00048-02	2732	1726	1
379	00048-03	2773	1744	1
379	00048-04	2813	1767	1
379	00048-05	2840	1804	1
379	00048-06	2861	1840	1
379	00048-07	2867	1881	1
379	00048-08	2861	1913	1
379	00048-09	2839	1955	1
379	00048-10	2808	1983	1
379	00048-11	2764	2005	1
379	00048-12	2717	2009	1
379	00048-13	2662	2011	1
379	00048-14	2612	1997	1
379	00048-15	2565	1974	1
379	00048-16	2528	1936	1
379	00048-17	2501	1900	1
379	00048-18	2488	1858	1
379	00048-19	2487	1819	1
379	00048-20	2497	1781	1
379	00048-21	2520	1751	1
379	00048-22	2555	1726	1
379	00048-23	2593	1711	1
379	00048-24	2639	1704	1
379	00049-00	3078	1888	1
379	00049-01	3096	1676	1
379	00049-02	3143	1687	1
379	00049-03	3185	1707	1
379	00049-04	3224	1737	1
379	00049-05	3253	1773	1
379	00049-06	3275	1812	1
379	00049-07	3285	1848	1
379	00049-08	3284	1884	1
379	00049-09	3271	1917	1
379	00049-10	3241	1947	1
379	00049-11	3206	1966	1
379	00049-12	3162	1973	1
379	00049-13	3110	1976	1
379	00049-14	3060	1959	1
379	00049-15	3014	1937	1
379	00049-16	2973	1904	1
379	00049-17	2942	1869	1
379	00049-18	2925	1831	1
379	00049-19	2921	1790	1
379	00049-20	2924	1765	1
379	00049-21	2943	1719	1
379	00049-22	2974	1700	1
379	00049-23	3010	1682	1
379	00049-24	3053	1676	1
379	00050-00	3471	1853	1
379	00050-06	3659	1785	1
379	00050-07	3672	1820	1
379	00050-08	3679	1852	1
379	00050-09	3666	1889	1
379	00050-10	3645	1912	1
379	00050-11	3613	1931	1
379	00050-12	3576	1940	1
379	00050-13	3529	1942	1
379	00050-14	3487	1928	1
379	00050-16	3396	1877	1
379	00050-17	3363	1843	1
379	00050-18	3339	1806	1
379	00050-19	3329	1768	1
379	00050-20	3333	1729	1
379	00050-21	3345	1704	1
379	00051-00	3831	1819	1
379	00051-01	3872	1652	1
379	00051-02	3904	1664	1
379	00051-15	3767	1845	1
379	00051-16	3740	1812	1
379	00051-17	3708	1775	1
379	00051-18	3693	1740	1
379	00051-19	3691	1706	1
379	00051-20	3702	1674	1
379	00051-21	3721	1657	1
379	00051-22	3748	1642	1
379	00051-23	3786	1634	1
379	00051-24	3825	1634	1
379	00052-00	319	2326	1
379	00052-01	306	2092	1
379	00052-02	354	2091	1
379	00052-03	398	2097	1
379	00052-04	432	2117	1
379	00052-05	456	2145	1
379	00052-06	471	2186	1
379	00052-07	478	2233	1
379	00052-08	459	2279	1
379	00052-09	434	2325	1
379	00052-10	399	2371	1
379	00052-11	352	2412	1
379	00052-12	293	2442	1
379	00052-13	238	2464	1
379	00052-14	183	2465	1
379	00052-15	138	2460	1
379	00052-16	94	2436	1
379	00052-17	74	2401	1
379	00052-18	68	2360	1
379	00052-19	66	2309	1
379	00052-20	85	2264	1
379	00052-21	121	2212	1
379	00052-22	158	2168	1
379	00052-23	200	2135	1
379	00052-24	256	2109	1
379	00053-00	771	2344	1
379	00053-01	745	2111	1
379	00053-02	794	2105	1
379	00053-03	843	2115	1
379	00053-04	884	2133	1
379	00053-05	915	2163	1
379	00053-06	935	2199	1
379	00053-07	943	2246	1
379	00053-08	936	2294	1
379	00053-09	916	2345	1
379	00053-10	883	2392	1
379	00053-11	838	2430	1
379	00053-12	786	2460	1
379	00053-13	730	2481	1
379	00053-14	674	2486	1
379	00053-15	620	2472	1
379	00053-16	576	2446	1
379	00053-17	547	2411	1
379	00053-18	529	2367	1
379	00053-19	529	2320	1
379	00053-20	543	2271	1
379	00053-21	567	2225	1
379	00053-22	601	2183	1
379	00053-23	644	2148	1
379	00053-24	695	2125	1
379	00054-00	1241	2370	1
379	00054-01	1253	2121	1
379	00054-02	1304	2131	1
379	00054-03	1352	2150	1
379	00054-04	1388	2181	1
379	00054-05	1415	2216	1
379	00054-06	1431	2267	1
379	00054-07	1433	2318	1
379	00054-08	1418	2370	1
379	00054-09	1388	2416	1
379	00054-10	1348	2462	1
379	00054-11	1296	2491	1
379	00054-12	1239	2512	1
379	00054-13	1176	2512	1
379	00054-14	1126	2504	1
379	00054-15	1078	2482	1
379	00054-16	1037	2447	1
379	00054-17	1011	2400	1
379	00054-18	1005	2355	1
379	00054-19	1008	2303	1
379	00054-20	1029	2253	1
379	00054-21	1059	2207	1
379	00054-22	1102	2174	1
379	00054-23	1148	2148	1
379	00054-24	1200	2130	1
379	00055-00	1742	2362	1
379	00055-01	1739	2111	1
379	00055-02	1794	2116	1
379	00055-03	1844	2134	1
379	00055-04	1889	2166	1
379	00055-05	1924	2198	1
379	00055-06	1946	2246	1
379	00055-07	1955	2293	1
379	00055-08	1950	2349	1
379	00055-09	1927	2400	1
379	00055-10	1892	2443	1
379	00055-11	1843	2474	1
379	00055-12	1788	2500	1
379	00055-13	1727	2507	1
379	00055-14	1666	2500	1
379	00055-15	1613	2484	1
379	00055-16	1565	2446	1
379	00055-17	1533	2403	1
379	00055-18	1515	2354	1
379	00055-19	1511	2302	1
379	00055-20	1524	2251	1
379	00055-21	1550	2204	1
379	00055-22	1587	2168	1
379	00055-23	1633	2141	1
379	00055-24	1684	2120	1
379	00056-00	2255	2350	1
379	00056-01	2241	2102	1
379	00056-02	2295	2109	1
379	00056-03	2347	2125	1
379	00056-04	2395	2152	1
379	00056-05	2434	2185	1
379	00056-06	2461	2233	1
379	00056-07	2476	2281	1
379	00056-08	2477	2334	1
379	00056-09	2464	2380	1
379	00056-10	2431	2431	1
379	00056-11	2389	2467	1
379	00056-12	2337	2490	1
379	00056-13	2278	2501	1
379	00056-14	2217	2492	1
379	00056-15	2159	2474	1
379	00056-16	2111	2444	1
379	00056-17	2071	2397	1
379	00056-18	2046	2355	1
379	00056-19	2037	2303	1
379	00056-20	2042	2251	1
379	00056-21	2061	2201	1
379	00056-22	2095	2166	1
379	00056-23	2136	2134	1
379	00056-24	2187	2112	1
379	00057-00	2754	2331	1
379	00057-01	2743	2083	1
379	00057-02	2796	2086	1
379	00057-03	2847	2106	1
379	00057-04	2897	2129	1
379	00057-05	2938	2166	1
379	00057-06	2970	2206	1
379	00057-07	2990	2255	1
379	00057-08	2997	2307	1
379	00057-09	2987	2354	1
379	00057-10	2964	2400	1
379	00057-11	2929	2436	1
379	00057-12	2881	2460	1
379	00057-13	2824	2471	1
379	00057-14	2766	2467	1
379	00057-15	2708	2450	1
379	00057-16	2656	2419	1
379	00057-17	2614	2377	1
379	00057-18	2584	2330	1
379	00057-19	2569	2281	1
379	00057-20	2568	2228	1
379	00057-21	2583	2182	1
379	00057-22	2609	2143	1
379	00057-23	2647	2112	1
379	00057-24	2693	2094	1
379	00058-00	3214	2280	1
379	00058-01	3189	2045	1
379	00058-02	3238	2047	1
379	00058-03	3290	2060	1
379	00058-04	3338	2083	1
379	00058-05	3383	2119	1
379	00058-06	3418	2156	1
379	00058-07	3448	2203	1
379	00058-08	3456	2251	1
379	00058-09	3455	2298	1
379	00058-10	3441	2343	1
379	00058-11	3411	2378	1
379	00058-12	3369	2405	1
379	00058-13	3321	2416	1
379	00058-14	3265	2416	1
379	00058-15	3209	2401	1
379	00058-16	3156	2372	1
379	00058-17	3110	2333	1
379	00058-18	3076	2291	1
379	00058-19	3053	2239	1
379	00058-20	3047	2192	1
379	00058-21	3052	2148	1
379	00058-22	3072	2108	1
379	00058-23	3104	2075	1
379	00058-24	3142	2056	1
379	00059-00	3642	2235	1
379	00059-01	3707	2021	1
379	00059-02	3754	2043	1
379	00059-03	3807	2084	1
379	00059-04	3838	2114	1
379	00059-05	3867	2157	1
379	00059-06	3889	2198	1
379	00059-07	3896	2250	1
379	00059-08	3885	2291	1
379	00059-09	3863	2324	1
379	00059-10	3831	2349	1
379	00059-11	3779	2363	1
379	00059-12	3726	2360	1
379	00059-13	3671	2345	1
379	00059-14	3615	2321	1
379	00059-15	3566	2283	1
379	00059-16	3529	2240	1
379	00059-17	3503	2194	1
379	00059-18	3490	2147	1
379	00059-19	3489	2103	1
379	00059-20	3503	2064	1
379	00059-21	3530	2034	1
379	00059-22	3563	2013	1
379	00059-23	3604	2008	1
379	00059-24	3652	2010	1
379	00060-01	95	2547	1
379	00060-02	151	2540	1
379	00060-03	203	2548	1
379	00060-04	238	2570	1
379	00060-05	271	2609	1
379	00060-06	283	2658	1
379	00060-07	279	2714	1
379	00061-01	602	2557	1
379	00061-02	662	2550	1
379	00061-03	717	2566	1
379	00061-04	761	2591	1
379	00061-05	793	2628	1
379	00061-06	816	2672	1
379	00061-21	395	2707	1
379	00061-22	437	2651	1
379	00061-23	493	2612	1
379	00061-24	548	2576	1
379	00062-01	1167	2584	1
379	00062-02	1227	2596	1
379	00062-03	1279	2621	1
379	00062-04	1321	2658	1
379	00062-05	1353	2708	1
379	00062-21	949	2688	1
379	00062-22	996	2642	1
379	00062-23	1049	2608	1
379	00062-24	1109	2588	1
379	00063-01	1726	2578	1
379	00063-02	1789	2589	1
379	00063-03	1846	2613	1
379	00063-04	1896	2647	1
379	00063-05	1935	2691	1
379	00063-21	1510	2691	1
379	00063-22	1555	2647	1
379	00063-23	1606	2611	1
379	00063-24	1664	2587	1
379	00064-01	2285	2569	1
379	00064-02	2347	2575	1
379	00064-03	2407	2596	1
379	00064-04	2461	2627	1
379	00064-05	2508	2670	1
379	00064-06	2538	2727	1
379	00064-21	2085	2693	1
379	00064-22	2119	2646	1
379	00064-23	2170	2608	1
379	00064-24	2224	2583	1
379	00065-01	2843	2537	1
379	00065-02	2900	2542	1
379	00065-03	2959	2559	1
379	00065-04	3013	2590	1
379	00065-05	3061	2631	1
379	00065-06	3098	2688	1
379	00065-07	2653	2727	1
379	00065-21	2665	2668	1
379	00065-22	2694	2617	1
379	00065-23	2732	2579	1
379	00065-24	2784	2552	1
379	00066-01	3347	2485	1
379	00066-02	3406	2486	1
379	00066-03	3464	2499	1
379	00066-04	3520	2531	1
379	00066-05	3569	2573	1
379	00066-06	3616	2624	1
379	00066-07	3651	2684	1
379	00066-20	3193	2671	1
379	00066-21	3200	2614	1
379	00066-22	3220	2566	1
379	00066-23	3252	2524	1
379	00066-24	3297	2497	1
