379	00001-00	279	440	MS
379	0000101	279	440	MS
379	0000102	279	440	MS
379	0000103	279	440	MS
379	0000104	279	440	MS
379	0000105	279	440	MS
379	0000106	279	440	MS
379	0000107	279	440	MS
379	0000108	279	440	MS
379	0000109	279	440	MS
379	0000110	279	440	MS
379	0000111	279	440	MS
379	0000112	279	440	MS
379	0000113	279	440	MS
379	0000114	279	440	MS
379	0000115	279	440	MS
379	0000116	279	440	MS
379	0000117	279	440	MS
379	0000118	279	440	MS
379	0000119	279	440	MS
379	0000120	279	440	MS
379	0000121	279	440	MS
379	0000122	279	440	MS
379	0000123	279	440	MS
379	0000124	279	440	MS
379	00002-00	664	394	MS
379	0000201	664	394	MS
379	0000202	664	394	MS
379	0000203	664	394	MS
379	0000204	664	394	MS
379	0000205	664	394	MS
379	0000206	664	394	MS
379	0000207	664	394	MS
379	0000208	664	394	MS
379	0000209	664	394	MS
379	0000210	664	394	MS
379	0000211	664	394	MS
379	0000212	664	394	MS
379	0000213	664	394	MS
379	0000214	664	394	MS
379	0000215	664	394	MS
379	0000216	664	394	MS
379	0000217	664	394	MS
379	0000218	664	394	MS
379	0000219	664	394	MS
379	0000220	664	394	MS
379	0000221	664	394	MS
379	0000222	664	394	MS
379	0000223	664	394	MS
379	0000224	664	394	MS
379	00003-00	1080	346	MS
379	0000301	1080	346	MS
379	0000302	1080	346	MS
379	0000303	1080	346	MS
379	0000304	1080	346	MS
379	0000305	1080	346	MS
379	0000306	1080	346	MS
379	0000307	1080	346	MS
379	0000308	1080	346	MS
379	0000309	1080	346	MS
379	0000310	1080	346	MS
379	0000311	1080	346	MS
379	0000312	1080	346	MS
379	0000313	1080	346	MS
379	0000314	1080	346	MS
379	0000315	1080	346	MS
379	0000316	1080	346	MS
379	0000317	1080	346	MS
379	0000318	1080	346	MS
379	0000319	1080	346	MS
379	0000320	1080	346	MS
379	0000321	1080	346	MS
379	0000322	1080	346	MS
379	0000323	1080	346	MS
379	0000324	1080	346	MS
379	00004-00	1496	304	MS
379	0000401	1496	304	MS
379	0000402	1496	304	MS
379	0000403	1496	304	MS
379	0000404	1496	304	MS
379	0000405	1496	304	MS
379	0000406	1496	304	MS
379	0000407	1496	304	MS
379	0000408	1496	304	MS
379	0000409	1496	304	MS
379	0000410	1496	304	MS
379	0000411	1496	304	MS
379	0000412	1496	304	MS
379	0000413	1496	304	MS
379	0000414	1496	304	MS
379	0000415	1496	304	MS
379	0000416	1496	304	MS
379	0000417	1496	304	MS
379	0000418	1496	304	MS
379	0000419	1496	304	MS
379	0000420	1496	304	MS
379	0000421	1496	304	MS
379	0000422	1496	304	MS
379	0000423	1496	304	MS
379	0000424	1496	304	MS
379	00005-00	1967	291	MS
379	0000501	1967	291	MS
379	0000502	1967	291	MS
379	0000503	1967	291	MS
379	0000504	1967	291	MS
379	0000505	1967	291	MS
379	0000506	1967	291	MS
379	0000507	1967	291	MS
379	0000508	1967	291	MS
379	0000509	1967	291	MS
379	0000510	1967	291	MS
379	0000511	1967	291	MS
379	0000512	1967	291	MS
379	0000513	1967	291	MS
379	0000514	1967	291	MS
379	0000515	1967	291	MS
379	0000516	1967	291	MS
379	0000517	1967	291	MS
379	0000518	1967	291	MS
379	0000519	1967	291	MS
379	0000520	1967	291	MS
379	0000521	1967	291	MS
379	0000522	1967	291	MS
379	0000523	1967	291	MS
379	0000524	1967	291	MS
379	00006-00	2388	298	MS
379	0000601	2388	298	MS
379	0000602	2388	298	MS
379	0000603	2388	298	MS
379	0000604	2388	298	MS
379	0000605	2388	298	MS
379	0000606	2388	298	MS
379	0000607	2388	298	MS
379	0000608	2388	298	MS
379	0000609	2388	298	MS
379	0000610	2388	298	MS
379	0000611	2388	298	MS
379	0000612	2388	298	MS
379	0000613	2388	298	MS
379	0000614	2388	298	MS
379	0000615	2388	298	MS
379	0000616	2388	298	MS
379	0000617	2388	298	MS
379	0000618	2388	298	MS
379	0000619	2388	298	MS
379	0000620	2388	298	MS
379	0000621	2388	298	MS
379	0000622	2388	298	MS
379	0000623	2388	298	MS
379	0000624	2388	298	MS
379	00007-00	2812	311	MS
379	0000701	2812	311	MS
379	0000702	2812	311	MS
379	0000703	2812	311	MS
379	0000704	2812	311	MS
379	0000705	2812	311	MS
379	0000706	2812	311	MS
379	0000707	2812	311	MS
379	0000708	2812	311	MS
379	0000709	2812	311	MS
379	0000710	2812	311	MS
379	0000711	2812	311	MS
379	0000712	2812	311	MS
379	0000713	2812	311	MS
379	0000714	2812	311	MS
379	0000715	2812	311	MS
379	0000716	2812	311	MS
379	0000717	2812	311	MS
379	0000718	2812	311	MS
379	0000719	2812	311	MS
379	0000720	2812	311	MS
379	0000721	2812	311	MS
379	0000722	2812	311	MS
379	0000723	2812	311	MS
379	0000724	2812	311	MS
379	00008-00	3210	331	MS
379	0000801	3210	331	MS
379	0000802	3210	331	MS
379	0000803	3210	331	MS
379	0000804	3210	331	MS
379	0000805	3210	331	MS
379	0000806	3210	331	MS
379	0000807	3210	331	MS
379	0000808	3210	331	MS
379	0000809	3210	331	MS
379	0000810	3210	331	MS
379	0000811	3210	331	MS
379	0000812	3210	331	MS
379	0000813	3210	331	MS
379	0000814	3210	331	MS
379	0000815	3210	331	MS
379	0000816	3210	331	MS
379	0000817	3210	331	MS
379	0000818	3210	331	MS
379	0000819	3210	331	MS
379	0000820	3210	331	MS
379	0000821	3210	331	MS
379	0000822	3210	331	MS
379	0000823	3210	331	MS
379	0000824	3210	331	MS
379	00009-00	3642	387	MS
379	0000901	3642	387	MS
379	0000902	3642	387	MS
379	0000903	3642	387	MS
379	0000904	3642	387	MS
379	0000905	3642	387	MS
379	0000906	3642	387	MS
379	0000907	3642	387	MS
379	0000908	3642	387	MS
379	0000909	3642	387	MS
379	0000910	3642	387	MS
379	0000911	3642	387	MS
379	0000912	3642	387	MS
379	0000913	3642	387	MS
379	0000914	3642	387	MS
379	0000915	3642	387	MS
379	0000916	3642	387	MS
379	0000917	3642	387	MS
379	0000918	3642	387	MS
379	0000919	3642	387	MS
379	0000920	3642	387	MS
379	0000921	3642	387	MS
379	0000922	3642	387	MS
379	0000923	3642	387	MS
379	0000924	3642	387	MS
379	00010-00	17	851	MS
379	0001002	17	851	MS
379	0001003	17	851	MS
379	0001004	17	851	MS
379	0001005	17	851	MS
379	0001006	17	851	MS
379	0001007	17	851	MS
379	0001008	17	851	MS
379	0001009	17	851	MS
379	0001010	17	851	MS
379	0001011	17	851	MS
379	0001012	17	851	MS
379	00011-00	405	785	MS
379	0001101	405	785	MS
379	0001102	405	785	MS
379	0001103	405	785	MS
379	0001104	405	785	MS
379	0001105	405	785	MS
379	0001106	405	785	MS
379	0001107	405	785	MS
379	0001108	405	785	MS
379	0001109	405	785	MS
379	0001110	405	785	MS
379	0001111	405	785	MS
379	0001112	405	785	MS
379	0001113	405	785	MS
379	0001114	405	785	MS
379	0001115	405	785	MS
379	0001116	405	785	MS
379	0001117	405	785	MS
379	0001118	405	785	MS
379	0001119	405	785	MS
379	0001120	405	785	MS
379	0001121	405	785	MS
379	0001122	405	785	MS
379	0001123	405	785	MS
379	0001124	405	785	MS
379	00012-00	765	745	MS
379	0001201	765	745	MS
379	0001202	765	745	MS
379	0001203	765	745	MS
379	0001204	765	745	MS
379	0001205	765	745	MS
379	0001206	765	745	MS
379	0001207	765	745	MS
379	0001208	765	745	MS
379	0001209	765	745	MS
379	0001210	765	745	MS
379	0001211	765	745	MS
379	0001212	765	745	MS
379	0001213	765	745	MS
379	0001214	765	745	MS
379	0001215	765	745	MS
379	0001216	765	745	MS
379	0001217	765	745	MS
379	0001218	765	745	MS
379	0001219	765	745	MS
379	0001220	765	745	MS
379	0001221	765	745	MS
379	0001222	765	745	MS
379	0001223	765	745	MS
379	0001224	765	745	MS
379	00013-00	1150	702	MS
379	0001301	1150	702	MS
379	0001302	1150	702	MS
379	0001303	1150	702	MS
379	0001304	1150	702	MS
379	0001305	1150	702	MS
379	0001306	1150	702	MS
379	0001307	1150	702	MS
379	0001308	1150	702	MS
379	0001309	1150	702	MS
379	0001310	1150	702	MS
379	0001311	1150	702	MS
379	0001312	1150	702	MS
379	0001313	1150	702	MS
379	0001314	1150	702	MS
379	0001315	1150	702	MS
379	0001316	1150	702	MS
379	0001317	1150	702	MS
379	0001318	1150	702	MS
379	0001319	1150	702	MS
379	0001320	1150	702	MS
379	0001321	1150	702	MS
379	0001322	1150	702	MS
379	0001323	1150	702	MS
379	0001324	1150	702	MS
379	00014-00	1539	669	MS
379	0001401	1539	669	MS
379	0001402	1539	669	MS
379	0001403	1539	669	MS
379	0001404	1539	669	MS
379	0001405	1539	669	MS
379	0001406	1539	669	MS
379	0001407	1539	669	MS
379	0001408	1539	669	MS
379	0001409	1539	669	MS
379	0001410	1539	669	MS
379	0001411	1539	669	MS
379	0001412	1539	669	MS
379	0001413	1539	669	MS
379	0001414	1539	669	MS
379	0001415	1539	669	MS
379	0001416	1539	669	MS
379	0001417	1539	669	MS
379	0001418	1539	669	MS
379	0001419	1539	669	MS
379	0001420	1539	669	MS
379	0001421	1539	669	MS
379	0001422	1539	669	MS
379	0001423	1539	669	MS
379	0001424	1539	669	MS
379	00015-00	1972	653	MS
379	0001501	1972	653	MS
379	0001502	1972	653	MS
379	0001503	1972	653	MS
379	0001504	1972	653	MS
379	0001505	1972	653	MS
379	0001506	1972	653	MS
379	0001507	1972	653	MS
379	0001508	1972	653	MS
379	0001509	1972	653	MS
379	0001510	1972	653	MS
379	0001511	1972	653	MS
379	0001512	1972	653	MS
379	0001513	1972	653	MS
379	0001514	1972	653	MS
379	0001515	1972	653	MS
379	0001516	1972	653	MS
379	0001517	1972	653	MS
379	0001518	1972	653	MS
379	0001519	1972	653	MS
379	0001520	1972	653	MS
379	0001521	1972	653	MS
379	0001522	1972	653	MS
379	0001523	1972	653	MS
379	0001524	1972	653	MS
379	00016-00	2360	656	MS
379	0001601	2360	656	MS
379	0001602	2360	656	MS
379	0001603	2360	656	MS
379	0001604	2360	656	MS
379	0001605	2360	656	MS
379	0001606	2360	656	MS
379	0001607	2360	656	MS
379	0001608	2360	656	MS
379	0001609	2360	656	MS
379	0001610	2360	656	MS
379	0001611	2360	656	MS
379	0001612	2360	656	MS
379	0001613	2360	656	MS
379	0001614	2360	656	MS
379	0001615	2360	656	MS
379	0001616	2360	656	MS
379	0001617	2360	656	MS
379	0001618	2360	656	MS
379	0001619	2360	656	MS
379	0001620	2360	656	MS
379	0001621	2360	656	MS
379	0001622	2360	656	MS
379	0001623	2360	656	MS
379	0001624	2360	656	MS
379	00017-00	2754	667	MS
379	0001701	2754	667	MS
379	0001702	2754	667	MS
379	0001703	2754	667	MS
379	0001704	2754	667	MS
379	0001705	2754	667	MS
379	0001706	2754	667	MS
379	0001707	2754	667	MS
379	0001708	2754	667	MS
379	0001709	2754	667	MS
379	0001710	2754	667	MS
379	0001711	2754	667	MS
379	0001712	2754	667	MS
379	0001713	2754	667	MS
379	0001714	2754	667	MS
379	0001715	2754	667	MS
379	0001716	2754	667	MS
379	0001717	2754	667	MS
379	0001718	2754	667	MS
379	0001719	2754	667	MS
379	0001720	2754	667	MS
379	0001721	2754	667	MS
379	0001722	2754	667	MS
379	0001723	2754	667	MS
379	0001724	2754	667	MS
379	00018-00	3126	684	MS
379	0001801	3126	684	MS
379	0001802	3126	684	MS
379	0001803	3126	684	MS
379	0001804	3126	684	MS
379	0001805	3126	684	MS
379	0001806	3126	684	MS
379	0001807	3126	684	MS
379	0001808	3126	684	MS
379	0001809	3126	684	MS
379	0001810	3126	684	MS
379	0001811	3126	684	MS
379	0001812	3126	684	MS
379	0001813	3126	684	MS
379	0001814	3126	684	MS
379	0001815	3126	684	MS
379	0001816	3126	684	MS
379	0001817	3126	684	MS
379	0001818	3126	684	MS
379	0001819	3126	684	MS
379	0001820	3126	684	MS
379	0001821	3126	684	MS
379	0001822	3126	684	MS
379	0001823	3126	684	MS
379	0001824	3126	684	MS
379	00019-00	3525	728	MS
379	0001901	3525	728	MS
379	0001902	3525	728	MS
379	0001903	3525	728	MS
379	0001904	3525	728	MS
379	0001905	3525	728	MS
379	0001906	3525	728	MS
379	0001907	3525	728	MS
379	0001908	3525	728	MS
379	0001909	3525	728	MS
379	0001910	3525	728	MS
379	0001911	3525	728	MS
379	0001912	3525	728	MS
379	0001913	3525	728	MS
379	0001914	3525	728	MS
379	0001915	3525	728	MS
379	0001916	3525	728	MS
379	0001917	3525	728	MS
379	0001918	3525	728	MS
379	0001919	3525	728	MS
379	0001920	3525	728	MS
379	0001921	3525	728	MS
379	0001922	3525	728	MS
379	0001923	3525	728	MS
379	0001924	3525	728	MS
379	00020-00	3877	779	MS
379	0002001	3877	779	MS
379	0002012	3877	779	MS
379	0002013	3877	779	MS
379	0002014	3877	779	MS
379	0002015	3877	779	MS
379	0002016	3877	779	MS
379	0002017	3877	779	MS
379	0002018	3877	779	MS
379	0002019	3877	779	MS
379	0002020	3877	779	MS
379	0002021	3877	779	MS
379	0002022	3877	779	MS
379	0002023	3877	779	MS
379	0002024	3877	779	MS
379	00021-00	158	1143	MS
379	0002101	158	1143	MS
379	0002102	158	1143	MS
379	0002103	158	1143	MS
379	0002104	158	1143	MS
379	0002105	158	1143	MS
379	0002106	158	1143	MS
379	0002107	158	1143	MS
379	0002108	158	1143	MS
379	0002109	158	1143	MS
379	0002110	158	1143	MS
379	0002111	158	1143	MS
379	0002112	158	1143	MS
379	0002113	158	1143	MS
379	0002114	158	1143	MS
379	0002123	158	1143	MS
379	0002124	158	1143	MS
379	00022-00	525	1085	MS
379	0002201	525	1085	MS
379	0002202	525	1085	MS
379	0002203	525	1085	MS
379	0002204	525	1085	MS
379	0002205	525	1085	MS
379	0002206	525	1085	MS
379	0002207	525	1085	MS
379	0002208	525	1085	MS
379	0002209	525	1085	MS
379	0002210	525	1085	MS
379	0002211	525	1085	MS
379	0002212	525	1085	MS
379	0002213	525	1085	MS
379	0002214	525	1085	MS
379	0002215	525	1085	MS
379	0002216	525	1085	MS
379	0002217	525	1085	MS
379	0002218	525	1085	MS
379	0002219	525	1085	MS
379	0002220	525	1085	MS
379	0002221	525	1085	MS
379	0002222	525	1085	MS
379	00023-00	860	1049	MS
379	0002301	860	1049	MS
379	0002302	860	1049	MS
379	0002303	860	1049	MS
379	0002304	860	1049	MS
379	0002305	860	1049	MS
379	0002306	860	1049	MS
379	0002307	860	1049	MS
379	0002308	860	1049	MS
379	0002309	860	1049	MS
379	0002310	860	1049	MS
379	0002311	860	1049	MS
379	0002312	860	1049	MS
379	0002313	860	1049	MS
379	0002314	860	1049	MS
379	0002315	860	1049	MS
379	0002316	860	1049	MS
379	0002317	860	1049	MS
379	0002318	860	1049	MS
379	0002319	860	1049	MS
379	0002320	860	1049	MS
379	0002321	860	1049	MS
379	0002322	860	1049	MS
379	0002323	860	1049	MS
379	0002324	860	1049	MS
379	00024-00	1216	1010	MS
379	0002401	1216	1010	MS
379	0002402	1216	1010	MS
379	0002403	1216	1010	MS
379	0002404	1216	1010	MS
379	0002405	1216	1010	MS
379	0002406	1216	1010	MS
379	0002407	1216	1010	MS
379	0002408	1216	1010	MS
379	0002409	1216	1010	MS
379	0002410	1216	1010	MS
379	0002411	1216	1010	MS
379	0002412	1216	1010	MS
379	0002413	1216	1010	MS
379	0002414	1216	1010	MS
379	0002415	1216	1010	MS
379	0002416	1216	1010	MS
379	0002417	1216	1010	MS
379	0002418	1216	1010	MS
379	0002419	1216	1010	MS
379	0002420	1216	1010	MS
379	0002421	1216	1010	MS
379	0002422	1216	1010	MS
379	0002423	1216	1010	MS
379	0002424	1216	1010	MS
379	00025-00	1576	982	MS
379	0002501	1576	982	MS
379	0002502	1576	982	MS
379	0002503	1576	982	MS
379	0002504	1576	982	MS
379	0002505	1576	982	MS
379	0002506	1576	982	MS
379	0002507	1576	982	MS
379	0002508	1576	982	MS
379	0002509	1576	982	MS
379	0002510	1576	982	MS
379	0002511	1576	982	MS
379	0002512	1576	982	MS
379	0002513	1576	982	MS
379	0002514	1576	982	MS
379	0002515	1576	982	MS
379	0002516	1576	982	MS
379	0002517	1576	982	MS
379	0002518	1576	982	MS
379	0002519	1576	982	MS
379	0002520	1576	982	MS
379	0002521	1576	982	MS
379	0002522	1576	982	MS
379	0002523	1576	982	MS
379	0002524	1576	982	MS
379	00026-00	1975	965	MS
379	0002601	1975	965	MS
379	0002602	1975	965	MS
379	0002603	1975	965	MS
379	0002604	1975	965	MS
379	0002605	1975	965	MS
379	0002606	1975	965	MS
379	0002607	1975	965	MS
379	0002608	1975	965	MS
379	0002609	1975	965	MS
379	0002610	1975	965	MS
379	0002611	1975	965	MS
379	0002612	1975	965	MS
379	0002613	1975	965	MS
379	0002614	1975	965	MS
379	0002615	1975	965	MS
379	0002616	1975	965	MS
379	0002617	1975	965	MS
379	0002618	1975	965	MS
379	0002619	1975	965	MS
379	0002620	1975	965	MS
379	0002621	1975	965	MS
379	0002622	1975	965	MS
379	0002623	1975	965	MS
379	0002624	1975	965	MS
379	00027-00	2336	973	MS
379	0002701	2336	973	MS
379	0002702	2336	973	MS
379	0002703	2336	973	MS
379	0002704	2336	973	MS
379	0002705	2336	973	MS
379	0002706	2336	973	MS
379	0002707	2336	973	MS
379	0002708	2336	973	MS
379	0002709	2336	973	MS
379	0002710	2336	973	MS
379	0002711	2336	973	MS
379	0002712	2336	973	MS
379	0002713	2336	973	MS
379	0002714	2336	973	MS
379	0002715	2336	973	MS
379	0002716	2336	973	MS
379	0002717	2336	973	MS
379	0002718	2336	973	MS
379	0002719	2336	973	MS
379	0002720	2336	973	MS
379	0002721	2336	973	MS
379	0002722	2336	973	MS
379	0002723	2336	973	MS
379	00028-00	2703	975	MS
379	0002801	2703	975	MS
379	0002802	2703	975	MS
379	0002803	2703	975	MS
379	0002804	2703	975	MS
379	0002805	2703	975	MS
379	0002806	2703	975	MS
379	0002807	2703	975	MS
379	0002808	2703	975	MS
379	0002809	2703	975	MS
379	0002810	2703	975	MS
379	0002811	2703	975	MS
379	0002812	2703	975	MS
379	0002813	2703	975	MS
379	0002814	2703	975	MS
379	0002815	2703	975	MS
379	0002816	2703	975	MS
379	0002817	2703	975	MS
379	0002818	2703	975	MS
379	0002819	2703	975	MS
379	0002820	2703	975	MS
379	0002821	2703	975	MS
379	0002822	2703	975	MS
379	0002823	2703	975	MS
379	0002824	2703	975	MS
379	00029-00	3044	987	MS
379	0002901	3044	987	MS
379	0002902	3044	987	MS
379	0002903	3044	987	MS
379	0002904	3044	987	MS
379	0002905	3044	987	MS
379	0002906	3044	987	MS
379	0002907	3044	987	MS
379	0002908	3044	987	MS
379	0002909	3044	987	MS
379	0002910	3044	987	MS
379	0002911	3044	987	MS
379	0002912	3044	987	MS
379	0002913	3044	987	MS
379	0002914	3044	987	MS
379	0002915	3044	987	MS
379	0002916	3044	987	MS
379	0002917	3044	987	MS
379	0002918	3044	987	MS
379	0002919	3044	987	MS
379	0002920	3044	987	MS
379	0002921	3044	987	MS
379	0002922	3044	987	MS
379	0002923	3044	987	MS
379	0002924	3044	987	MS
379	00030-00	3418	1022	MS
379	0003001	3418	1022	MS
379	0003002	3418	1022	MS
379	0003003	3418	1022	MS
379	0003004	3418	1022	MS
379	0003005	3418	1022	MS
379	0003006	3418	1022	MS
379	0003007	3418	1022	MS
379	0003008	3418	1022	MS
379	0003009	3418	1022	MS
379	0003010	3418	1022	MS
379	0003011	3418	1022	MS
379	0003012	3418	1022	MS
379	0003013	3418	1022	MS
379	0003014	3418	1022	MS
379	0003015	3418	1022	MS
379	0003016	3418	1022	MS
379	0003017	3418	1022	MS
379	0003018	3418	1022	MS
379	0003019	3418	1022	MS
379	0003020	3418	1022	MS
379	0003021	3418	1022	MS
379	0003022	3418	1022	MS
379	0003023	3418	1022	MS
379	0003024	3418	1022	MS
379	00031-00	3745	1069	MS
379	0003101	3745	1069	MS
379	0003102	3745	1069	MS
379	0003103	3745	1069	MS
379	0003104	3745	1069	MS
379	0003105	3745	1069	MS
379	0003106	3745	1069	MS
379	0003107	3745	1069	MS
379	0003108	3745	1069	MS
379	0003109	3745	1069	MS
379	0003110	3745	1069	MS
379	0003111	3745	1069	MS
379	0003112	3745	1069	MS
379	0003113	3745	1069	MS
379	0003114	3745	1069	MS
379	0003115	3745	1069	MS
379	0003116	3745	1069	MS
379	0003117	3745	1069	MS
379	0003118	3745	1069	MS
379	0003119	3745	1069	MS
379	0003120	3745	1069	MS
379	0003123	3745	1069	MS
379	0003124	3745	1069	MS
379	00032-00	265	1611	MS
379	00033-00	615	1619	MS
379	0003302	615	1619	MS
379	0003303	615	1619	MS
379	0003304	615	1619	MS
379	0003305	615	1619	MS
379	0003307	615	1619	MS
379	0003308	615	1619	MS
379	0003309	615	1619	MS
379	0003310	615	1619	MS
379	0003311	615	1619	MS
379	0003312	615	1619	MS
379	0003313	615	1619	MS
379	0003314	615	1619	MS
379	0003315	615	1619	MS
379	0003316	615	1619	MS
379	0003317	615	1619	MS
379	00000-00	984	1618	MS
379	0000001	984	1618	MS
379	0000002	984	1618	MS
379	0000003	984	1618	MS
379	0000004	984	1618	MS
379	0000005	984	1618	MS
379	0000006	984	1618	MS
379	0000007	984	1618	MS
379	0000008	984	1618	MS
379	0000009	984	1618	MS
379	0000010	984	1618	MS
379	0000011	984	1618	MS
379	0000012	984	1618	MS
379	0000013	984	1618	MS
379	0000014	984	1618	MS
379	0000015	984	1618	MS
379	0000016	984	1618	MS
379	0000017	984	1618	MS
379	0000018	984	1618	MS
379	0000019	984	1618	MS
379	0000020	984	1618	MS
379	0000021	984	1618	MS
379	0000022	984	1618	MS
379	0000023	984	1618	MS
379	0000024	984	1618	MS
379	0000025	984	1618	MS
379	00035-00	1368	1623	MS
379	0003501	1368	1623	MS
379	0003502	1368	1623	MS
379	0003503	1368	1623	MS
379	0003504	1368	1623	MS
379	0003505	1368	1623	MS
379	0003506	1368	1623	MS
379	0003507	1368	1623	MS
379	0003508	1368	1623	MS
379	0003509	1368	1623	MS
379	0003510	1368	1623	MS
379	0003511	1368	1623	MS
379	0003512	1368	1623	MS
379	0003513	1368	1623	MS
379	0003514	1368	1623	MS
379	0003515	1368	1623	MS
379	0003516	1368	1623	MS
379	0003517	1368	1623	MS
379	0003518	1368	1623	MS
379	0003519	1368	1623	MS
379	0003520	1368	1623	MS
379	0003521	1368	1623	MS
379	0003522	1368	1623	MS
379	0003523	1368	1623	MS
379	0003524	1368	1623	MS
379	00036-00	1776	1609	MS
379	0003601	1776	1609	MS
379	0003602	1776	1609	MS
379	0003603	1776	1609	MS
379	0003604	1776	1609	MS
379	0003605	1776	1609	MS
379	0003606	1776	1609	MS
379	0003607	1776	1609	MS
379	0003608	1776	1609	MS
379	0003609	1776	1609	MS
379	0003610	1776	1609	MS
379	0003611	1776	1609	MS
379	0003612	1776	1609	MS
379	0003613	1776	1609	MS
379	0003614	1776	1609	MS
379	0003615	1776	1609	MS
379	0003616	1776	1609	MS
379	0003617	1776	1609	MS
379	0003618	1776	1609	MS
379	0003619	1776	1609	MS
379	0003620	1776	1609	MS
379	0003621	1776	1609	MS
379	0003622	1776	1609	MS
379	0003623	1776	1609	MS
379	0003624	1776	1609	MS
379	00037-00	2180	1606	MS
379	0003701	2180	1606	MS
379	0003702	2180	1606	MS
379	0003703	2180	1606	MS
379	0003704	2180	1606	MS
379	0003705	2180	1606	MS
379	0003706	2180	1606	MS
379	0003707	2180	1606	MS
379	0003708	2180	1606	MS
379	0003709	2180	1606	MS
379	0003710	2180	1606	MS
379	0003711	2180	1606	MS
379	0003712	2180	1606	MS
379	0003713	2180	1606	MS
379	0003714	2180	1606	MS
379	0003715	2180	1606	MS
379	0003716	2180	1606	MS
379	0003717	2180	1606	MS
379	0003718	2180	1606	MS
379	0003719	2180	1606	MS
379	0003720	2180	1606	MS
379	0003721	2180	1606	MS
379	0003722	2180	1606	MS
379	0003723	2180	1606	MS
379	0003724	2180	1606	MS
379	00038-00	2583	1588	MS
379	0003801	2583	1588	MS
379	0003802	2583	1588	MS
379	0003803	2583	1588	MS
379	0003804	2583	1588	MS
379	0003805	2583	1588	MS
379	0003806	2583	1588	MS
379	0003807	2583	1588	MS
379	0003808	2583	1588	MS
379	0003809	2583	1588	MS
379	0003810	2583	1588	MS
379	0003811	2583	1588	MS
379	0003812	2583	1588	MS
379	0003813	2583	1588	MS
379	0003814	2583	1588	MS
379	0003815	2583	1588	MS
379	0003816	2583	1588	MS
379	0003817	2583	1588	MS
379	0003818	2583	1588	MS
379	0003819	2583	1588	MS
379	0003820	2583	1588	MS
379	0003821	2583	1588	MS
379	0003822	2583	1588	MS
379	0003823	2583	1588	MS
379	0003824	2583	1588	MS
379	00039-00	2969	1566	MS
379	0003901	2969	1566	MS
379	0003902	2969	1566	MS
379	0003903	2969	1566	MS
379	0003904	2969	1566	MS
379	0003905	2969	1566	MS
379	0003906	2969	1566	MS
379	0003907	2969	1566	MS
379	0003908	2969	1566	MS
379	0003909	2969	1566	MS
379	0003910	2969	1566	MS
379	0003911	2969	1566	MS
379	0003912	2969	1566	MS
379	0003913	2969	1566	MS
379	0003914	2969	1566	MS
379	0003915	2969	1566	MS
379	0003916	2969	1566	MS
379	0003917	2969	1566	MS
379	0003918	2969	1566	MS
379	0003919	2969	1566	MS
379	0003920	2969	1566	MS
379	0003921	2969	1566	MS
379	0003922	2969	1566	MS
379	0003923	2969	1566	MS
379	00040-00	3344	1501	MS
379	0004001	3344	1501	MS
379	0004004	3344	1501	MS
379	0004005	3344	1501	MS
379	0004006	3344	1501	MS
379	0004007	3344	1501	MS
379	0004008	3344	1501	MS
379	0004009	3344	1501	MS
379	0004010	3344	1501	MS
379	0004011	3344	1501	MS
379	0004012	3344	1501	MS
379	0004013	3344	1501	MS
379	0004014	3344	1501	MS
379	0004015	3344	1501	MS
379	0004016	3344	1501	MS
379	0004017	3344	1501	MS
379	0004018	3344	1501	MS
379	0004019	3344	1501	MS
379	0004020	3344	1501	MS
379	0004021	3344	1501	MS
379	0004022	3344	1501	MS
379	0004023	3344	1501	MS
379	00041-00	3658	1529	MS
379	00044-00	451	1879	MS
379	0004401	451	1879	MS
379	0004402	451	1879	MS
379	0004403	451	1879	MS
379	0004404	451	1879	MS
379	0004405	451	1879	MS
379	0004406	451	1879	MS
379	0004407	451	1879	MS
379	0004408	451	1879	MS
379	0004409	451	1879	MS
379	0004410	451	1879	MS
379	0004411	451	1879	MS
379	0004412	451	1879	MS
379	0004413	451	1879	MS
379	0004414	451	1879	MS
379	0004415	451	1879	MS
379	0004416	451	1879	MS
379	0004417	451	1879	MS
379	0004418	451	1879	MS
379	0004419	451	1879	MS
379	0004420	451	1879	MS
379	0004421	451	1879	MS
379	0004423	451	1879	MS
379	0004424	451	1879	MS
379	00045-00	885	1952	MS
379	0004502	885	1952	MS
379	0004503	885	1952	MS
379	0004504	885	1952	MS
379	0004505	885	1952	MS
379	0004506	885	1952	MS
379	0004507	885	1952	MS
379	0004508	885	1952	MS
379	0004509	885	1952	MS
379	0004510	885	1952	MS
379	0004511	885	1952	MS
379	0004512	885	1952	MS
379	0004513	885	1952	MS
379	0004514	885	1952	MS
379	0004515	885	1952	MS
379	0004516	885	1952	MS
379	0004517	885	1952	MS
379	0004518	885	1952	MS
379	0004519	885	1952	MS
379	0004520	885	1952	MS
379	0004521	885	1952	MS
379	0004522	885	1952	MS
379	0004523	885	1952	MS
379	00046-00	1310	1954	MS
379	0004601	1310	1954	MS
379	0004602	1310	1954	MS
379	0004603	1310	1954	MS
379	0004604	1310	1954	MS
379	0004605	1310	1954	MS
379	0004606	1310	1954	MS
379	0004607	1310	1954	MS
379	0004608	1310	1954	MS
379	0004609	1310	1954	MS
379	0004610	1310	1954	MS
379	0004611	1310	1954	MS
379	0004612	1310	1954	MS
379	0004613	1310	1954	MS
379	0004614	1310	1954	MS
379	0004615	1310	1954	MS
379	0004616	1310	1954	MS
379	0004617	1310	1954	MS
379	0004618	1310	1954	MS
379	0004619	1310	1954	MS
379	0004620	1310	1954	MS
379	0004621	1310	1954	MS
379	0004622	1310	1954	MS
379	0004623	1310	1954	MS
379	0004624	1310	1954	MS
379	00047-00	1758	1951	MS
379	0004701	1758	1951	MS
379	0004702	1758	1951	MS
379	0004703	1758	1951	MS
379	0004704	1758	1951	MS
379	0004705	1758	1951	MS
379	0004706	1758	1951	MS
379	0004707	1758	1951	MS
379	0004708	1758	1951	MS
379	0004709	1758	1951	MS
379	0004710	1758	1951	MS
379	0004711	1758	1951	MS
379	0004712	1758	1951	MS
379	0004713	1758	1951	MS
379	0004714	1758	1951	MS
379	0004715	1758	1951	MS
379	0004716	1758	1951	MS
379	0004717	1758	1951	MS
379	0004718	1758	1951	MS
379	0004719	1758	1951	MS
379	0004720	1758	1951	MS
379	0004721	1758	1951	MS
379	0004722	1758	1951	MS
379	0004723	1758	1951	MS
379	0004724	1758	1951	MS
379	00048-00	2215	1937	MS
379	0004801	2215	1937	MS
379	0004802	2215	1937	MS
379	0004803	2215	1937	MS
379	0004804	2215	1937	MS
379	0004805	2215	1937	MS
379	0004806	2215	1937	MS
379	0004807	2215	1937	MS
379	0004808	2215	1937	MS
379	0004809	2215	1937	MS
379	0004810	2215	1937	MS
379	0004811	2215	1937	MS
379	0004812	2215	1937	MS
379	0004813	2215	1937	MS
379	0004814	2215	1937	MS
379	0004815	2215	1937	MS
379	0004816	2215	1937	MS
379	0004817	2215	1937	MS
379	0004818	2215	1937	MS
379	0004819	2215	1937	MS
379	0004820	2215	1937	MS
379	0004821	2215	1937	MS
379	0004822	2215	1937	MS
379	0004823	2215	1937	MS
379	0004824	2215	1937	MS
379	00048-00	2659	1917	MS
379	0004801	2659	1917	MS
379	0004802	2659	1917	MS
379	0004803	2659	1917	MS
379	0004804	2659	1917	MS
379	0004805	2659	1917	MS
379	0004806	2659	1917	MS
379	0004807	2659	1917	MS
379	0004808	2659	1917	MS
379	0004809	2659	1917	MS
379	0004810	2659	1917	MS
379	0004811	2659	1917	MS
379	0004812	2659	1917	MS
379	0004813	2659	1917	MS
379	0004814	2659	1917	MS
379	0004815	2659	1917	MS
379	0004816	2659	1917	MS
379	0004817	2659	1917	MS
379	0004818	2659	1917	MS
379	0004819	2659	1917	MS
379	0004820	2659	1917	MS
379	0004821	2659	1917	MS
379	0004822	2659	1917	MS
379	0004823	2659	1917	MS
379	0004824	2659	1917	MS
379	00049-00	3078	1887	MS
379	0004901	3078	1887	MS
379	0004902	3078	1887	MS
379	0004903	3078	1887	MS
379	0004904	3078	1887	MS
379	0004905	3078	1887	MS
379	0004906	3078	1887	MS
379	0004907	3078	1887	MS
379	0004908	3078	1887	MS
379	0004909	3078	1887	MS
379	0004910	3078	1887	MS
379	0004911	3078	1887	MS
379	0004912	3078	1887	MS
379	0004913	3078	1887	MS
379	0004914	3078	1887	MS
379	0004915	3078	1887	MS
379	0004916	3078	1887	MS
379	0004917	3078	1887	MS
379	0004918	3078	1887	MS
379	0004919	3078	1887	MS
379	0004920	3078	1887	MS
379	0004921	3078	1887	MS
379	0004922	3078	1887	MS
379	0004923	3078	1887	MS
379	0004924	3078	1887	MS
379	00050-00	3474	1855	MS
379	0005003	3474	1855	MS
379	0005005	3474	1855	MS
379	0005006	3474	1855	MS
379	0005007	3474	1855	MS
379	0005008	3474	1855	MS
379	0005009	3474	1855	MS
379	0005010	3474	1855	MS
379	0005012	3474	1855	MS
379	0005013	3474	1855	MS
379	0005014	3474	1855	MS
379	0005015	3474	1855	MS
379	0005016	3474	1855	MS
379	00052-00	315	2331	MS
379	0005201	315	2331	MS
379	0005202	315	2331	MS
379	0005203	315	2331	MS
379	0005204	315	2331	MS
379	0005205	315	2331	MS
379	0005206	315	2331	MS
379	0005207	315	2331	MS
379	0005208	315	2331	MS
379	0005209	315	2331	MS
379	0005210	315	2331	MS
379	0005211	315	2331	MS
379	0005212	315	2331	MS
379	0005213	315	2331	MS
379	0005214	315	2331	MS
379	0005215	315	2331	MS
379	0005216	315	2331	MS
379	0005217	315	2331	MS
379	0005218	315	2331	MS
379	0005219	315	2331	MS
379	0005220	315	2331	MS
379	0005221	315	2331	MS
379	0005222	315	2331	MS
379	0005223	315	2331	MS
379	0005224	315	2331	MS
379	00053-00	766	2345	MS
379	0005301	766	2345	MS
379	0005302	766	2345	MS
379	0005303	766	2345	MS
379	0005304	766	2345	MS
379	0005305	766	2345	MS
379	0005306	766	2345	MS
379	0005307	766	2345	MS
379	0005308	766	2345	MS
379	0005309	766	2345	MS
379	0005310	766	2345	MS
379	0005311	766	2345	MS
379	0005312	766	2345	MS
379	0005313	766	2345	MS
379	0005314	766	2345	MS
379	0005315	766	2345	MS
379	0005316	766	2345	MS
379	0005317	766	2345	MS
379	0005318	766	2345	MS
379	0005319	766	2345	MS
379	0005320	766	2345	MS
379	0005321	766	2345	MS
379	0005322	766	2345	MS
379	0005323	766	2345	MS
379	0005324	766	2345	MS
379	00054-00	1242	2370	MS
379	0005401	1242	2370	MS
379	0005402	1242	2370	MS
379	0005403	1242	2370	MS
379	0005404	1242	2370	MS
379	0005405	1242	2370	MS
379	0005406	1242	2370	MS
379	0005407	1242	2370	MS
379	0005408	1242	2370	MS
379	0005409	1242	2370	MS
379	0005410	1242	2370	MS
379	0005411	1242	2370	MS
379	0005412	1242	2370	MS
379	0005413	1242	2370	MS
379	0005414	1242	2370	MS
379	0005415	1242	2370	MS
379	0005416	1242	2370	MS
379	0005417	1242	2370	MS
379	0005418	1242	2370	MS
379	0005419	1242	2370	MS
379	0005420	1242	2370	MS
379	0005421	1242	2370	MS
379	0005422	1242	2370	MS
379	0005423	1242	2370	MS
379	0005424	1242	2370	MS
379	00055-00	1741	2363	MS
379	0005501	1741	2363	MS
379	0005502	1741	2363	MS
379	0005503	1741	2363	MS
379	0005504	1741	2363	MS
379	0005505	1741	2363	MS
379	0005506	1741	2363	MS
379	0005507	1741	2363	MS
379	0005508	1741	2363	MS
379	0005509	1741	2363	MS
379	0005510	1741	2363	MS
379	0005511	1741	2363	MS
379	0005512	1741	2363	MS
379	0005513	1741	2363	MS
379	0005514	1741	2363	MS
379	0005515	1741	2363	MS
379	0005516	1741	2363	MS
379	0005517	1741	2363	MS
379	0005518	1741	2363	MS
379	0005519	1741	2363	MS
379	0005520	1741	2363	MS
379	0005521	1741	2363	MS
379	0005522	1741	2363	MS
379	0005523	1741	2363	MS
379	0005524	1741	2363	MS
379	00056-00	2253	2348	MS
379	0005601	2253	2348	MS
379	0005602	2253	2348	MS
379	0005603	2253	2348	MS
379	0005604	2253	2348	MS
379	0005605	2253	2348	MS
379	0005606	2253	2348	MS
379	0005607	2253	2348	MS
379	0005608	2253	2348	MS
379	0005609	2253	2348	MS
379	0005610	2253	2348	MS
379	0005611	2253	2348	MS
379	0005612	2253	2348	MS
379	0005613	2253	2348	MS
379	0005614	2253	2348	MS
379	0005615	2253	2348	MS
379	0005616	2253	2348	MS
379	0005617	2253	2348	MS
379	0005618	2253	2348	MS
379	0005619	2253	2348	MS
379	0005620	2253	2348	MS
379	0005621	2253	2348	MS
379	0005622	2253	2348	MS
379	0005623	2253	2348	MS
379	0005624	2253	2348	MS
379	00057-00	2755	2332	MS
379	0005701	2755	2332	MS
379	0005702	2755	2332	MS
379	0005703	2755	2332	MS
379	0005704	2755	2332	MS
379	0005705	2755	2332	MS
379	0005706	2755	2332	MS
379	0005707	2755	2332	MS
379	0005708	2755	2332	MS
379	0005709	2755	2332	MS
379	0005710	2755	2332	MS
379	0005711	2755	2332	MS
379	0005712	2755	2332	MS
379	0005713	2755	2332	MS
379	0005714	2755	2332	MS
379	0005715	2755	2332	MS
379	0005716	2755	2332	MS
379	0005717	2755	2332	MS
379	0005718	2755	2332	MS
379	0005719	2755	2332	MS
379	0005720	2755	2332	MS
379	0005721	2755	2332	MS
379	0005722	2755	2332	MS
379	0005723	2755	2332	MS
379	0005724	2755	2332	MS
379	00058-00	3218	2283	MS
379	0005801	3218	2283	MS
379	0005802	3218	2283	MS
379	0005803	3218	2283	MS
379	0005804	3218	2283	MS
379	0005805	3218	2283	MS
379	0005806	3218	2283	MS
379	0005807	3218	2283	MS
379	0005808	3218	2283	MS
379	0005809	3218	2283	MS
379	0005810	3218	2283	MS
379	0005811	3218	2283	MS
379	0005812	3218	2283	MS
379	0005813	3218	2283	MS
379	0005814	3218	2283	MS
379	0005815	3218	2283	MS
379	0005816	3218	2283	MS
379	0005817	3218	2283	MS
379	0005818	3218	2283	MS
379	0005819	3218	2283	MS
379	0005820	3218	2283	MS
379	0005821	3218	2283	MS
379	0005822	3218	2283	MS
379	0005823	3218	2283	MS
379	0005824	3218	2283	MS
379	00059-00	3645	2237	MS
379	0005901	3645	2237	MS
379	0005902	3645	2237	MS
379	0005903	3645	2237	MS
379	0005904	3645	2237	MS
379	0005905	3645	2237	MS
379	0005906	3645	2237	MS
379	0005907	3645	2237	MS
379	0005908	3645	2237	MS
379	0005909	3645	2237	MS
379	0005910	3645	2237	MS
379	0005911	3645	2237	MS
379	0005912	3645	2237	MS
379	0005913	3645	2237	MS
379	0005914	3645	2237	MS
379	0005915	3645	2237	MS
379	0005916	3645	2237	MS
379	0005917	3645	2237	MS
379	0005918	3645	2237	MS
379	0005919	3645	2237	MS
379	0005920	3645	2237	MS
379	0005921	3645	2237	MS
379	0005922	3645	2237	MS
379	0005923	3645	2237	MS
379	0005924	3645	2237	MS
